5 0.6960191846522782 0.9205307262569832 0.09044364508393293 0.07322160148975801
0 0.46880095923261395 0.1704655493482309 0.07450839328537169 0.07348230912476723
0 0.5327338129496403 0.17512104283054006 0.07906474820143877 0.08013035381750466
0 0.602673860911271 0.1773370577281192 0.0716306954436451 0.07391992551210427
0 0.6737529976019184 0.17311918063314713 0.08017985611510806 0.07347299813780257
3 0.47279376498800957 0.23651769087523275 0.07564748201438853 0.06725325884543763
3 0.6001079136690648 0.2303072625698324 0.09046762589928063 0.07080074487895718
3 0.6038129496402878 0.2728677839851024 0.08076738609112712 0.060139664804469306
3 0.12082733812949642 0.8252234636871508 0.08086330935251798 0.06882681564245817
3 0.05146282973621103 0.8629050279329609 0.06888489208633096 0.06970204841713212
3 0.8958393285371703 0.8305493482309124 0.06528776978417272 0.0635009310986965
3 0.9706235011990407 0.8659217877094972 0.05875299760191847 0.06890130353817504
7 0.6103836930455635 0.3154189944134078 0.08362110311750601 0.07077281191806331