5 0.28254847645429365 0.9730603448275862 0.10526315789473684 0.05387931034482758
0 0.5443490304709141 0.12077586206896553 0.08606648199445982 0.08504310344827588
0 0.47049861495844875 0.1261637931034483 0.0913296398891966 0.09273706896551724
0 0.3897091412742382 0.12872844827586208 0.08274238227146816 0.08554956896551723
0 0.30760387811634354 0.1238469827586207 0.09261772853185612 0.08503232758620687
3 0.5397368421052632 0.19721982758620688 0.08738227146814409 0.07783405172413795
3 0.3926731301939058 0.1900323275862069 0.1045013850415513 0.08193965517241382
3 0.38839335180055407 0.23928879310344828 0.09329639889196678 0.06960129310344831
3 0.9463019390581717 0.8785452586206897 0.09340720221606656 0.07965517241379318
3 0.05106648199445984 0.8847090517241379 0.07541551246537402 0.07349137931034487
7 0.38080332409972306 0.2885344827586207 0.09659279778393354 0.08190732758620689