5 0.6934285714285715 0.9191203703703703 0.08979761904761913 0.0728148148148149
0 0.4678333333333334 0.17322222222222222 0.07397619047619046 0.07307407407407408
0 0.5313095238095238 0.17785185185185187 0.07849999999999993 0.07968518518518519
0 0.60075 0.18005555555555555 0.07111904761904762 0.07350925925925925
0 0.6713214285714285 0.1758611111111111 0.079607142857143 0.07306481481481479
3 0.4717976190476191 0.2389074074074074 0.0751071428571429 0.06687962962962965
3 0.598202380952381 0.23273148148148148 0.08982142857142862 0.07040740740740743
3 0.6018809523809524 0.27505555555555555 0.0801904761904762 0.059805555555555584
3 0.1223452380952381 0.8243425925925926 0.0802857142857143 0.06844444444444452
3 0.053476190476190476 0.8618148148148148 0.06839285714285716 0.06931481481481472
3 0.8918214285714285 0.8296388888888889 0.06482142857142863 0.06314814814814819
3 0.9688214285714285 0.8651203703703704 0.062357142857142986 0.0679907407407408
7 0.6084047619047619 0.31737037037037036 0.08302380952380947 0.07037962962962963