3 0.19178571428571428 0.4846851851851852 0.07673809523809522 0.07912962962962966
3 0.14445238095238094 0.5175277777777777 0.08636904761904764 0.05841666666666659
3 0.14615476190476193 0.5995277777777778 0.08296428571428573 0.0743148148148148
3 0.20397619047619048 0.6460370370370371 0.09658333333333333 0.07388888888888885
7 0.7951785714285715 0.46925925925925926 0.0706309523809523 0.06237037037037038
7 0.8614999999999999 0.5144444444444445 0.10126190476190469 0.08046296296296304
7 0.8597976190476191 0.5686666666666667 0.07064285714285705 0.05667592592592596
7 0.8167261904761904 0.6347962962962963 0.08877380952380945 0.06727777777777785
5 0.486547619047619 0.9301574074074076 0.09267857142857146 0.07972222222222225
1 0.5046785714285714 0.8508055555555556 0.063202380952381 0.05324074074074074
1 0.48626190476190473 0.7533796296296296 0.055833333333333304 0.052324074074074065
1 0.5627738095238095 0.6436111111111111 0.052440476190476135 0.044351851851851934
1 0.5256428571428572 0.5911388888888889 0.04676190476190473 0.051768518518518596