3 0.13960526315789473 0.4830532786885246 0.08481578947368418 0.08756147540983611
3 0.08728947368421053 0.5193954918032786 0.09546052631578948 0.06464139344262286
3 0.08917105263157896 0.6101331967213115 0.09169736842105262 0.08223360655737703
3 0.15307894736842106 0.6615983606557377 0.10675 0.08176229508196717
7 0.8065131578947369 0.4659836065573771 0.07806578947368412 0.06901639344262296
7 0.8798157894736842 0.5159836065573771 0.11192105263157888 0.08903688524590173
7 0.8779342105263158 0.575983606557377 0.07807894736842094 0.06271516393442626
7 0.830328947368421 0.6491598360655738 0.0981184210526315 0.07444672131147549
5 0.4644736842105263 0.9656762295081968 0.10263157894736842 0.06864754098360656
1 0.4854342105263158 0.8881864754098361 0.06985526315789478 0.05891393442622951
1 0.46507894736842104 0.7803790983606557 0.061710526315789445 0.057899590163934415
1 0.5496447368421052 0.6589139344262296 0.057960526315789414 0.04907786885245911
1 0.5086052631578948 0.6008504098360655 0.051684210526315756 0.05728483606557386