3 0.810820895522388 0.5014119922630561 0.08017412935323387 0.0826499032882012
3 0.860273631840796 0.535715667311412 0.09023631840796015 0.06101547388781423
3 0.8584950248756219 0.6213636363636363 0.08667910447761201 0.07762088974854932
3 0.7980845771144278 0.6699419729206963 0.10090796019900483 0.07717601547388778
7 0.18041044776119397 0.4852998065764023 0.07379353233830836 0.0651450676982592
7 0.11111940298507467 0.5324951644100581 0.10579601990049745 0.08404255319148946
7 0.11289800995024873 0.5891295938104448 0.07380597014925364 0.05919729206963253
7 0.1578980099502488 0.6582011605415861 0.0927487562189054 0.07027079303675056
5 0.503731343283582 0.9622823984526112 0.09701492537313433 0.07543520309477757
1 0.48391791044776117 0.8838201160541587 0.06603233830845776 0.05560928433268859
1 0.5031592039800995 0.7820599613152804 0.058333333333333307 0.05465183752417794
1 0.42322139303482587 0.6674081237911025 0.05478855721393029 0.046324951644100665
1 0.4620149253731343 0.6126015473887814 0.04885572139303479 0.05407156673114128