5 0.45251396648044695 0.9577006507592191 0.12569832402234637 0.08459869848156182
3 0.4554748603351955 0.16353579175704985 0.09009776536312848 0.06852494577006502
3 0.37568435754189944 0.16405639913232103 0.0741340782122904 0.0633622559652928
3 0.4534776536312849 0.21801518438177872 0.07015363128491622 0.044240780911062864
3 0.3673603351955307 0.20768980477223428 0.07878491620111744 0.060759219088937076
3 0.7111731843575418 0.7364642082429501 0.07752793296089384 0.07711496746203894
3 0.8099301675977654 0.7803579175704989 0.08353351955307255 0.07812364425162686
3 0.8996927374301676 0.8131561822125813 0.07955307262569837 0.06623644251626891
3 0.9783519553072626 0.8378524945770065 0.04329608938547486 0.07266811279826464
0 0.9594972067039106 0.9013015184381779 0.08100558659217877 0.08893709327548807
0 0.8614525139664804 0.8764208242950108 0.10332402234636874 0.09541214750542303
0 0.7620391061452514 0.8265943600867679 0.13194134078212294 0.1052060737527115
0 0.6812290502793296 0.7925162689804772 0.13395251396648025 0.10519522776572669
7 0.3520670391061453 0.2637310195227766 0.10608938547486038 0.05337310195227769
7 0.4501536312849162 0.25778741865509763 0.09078212290502793 0.068351409978308