5 0.5148690476190476 0.9202222222222223 0.10684523809523809 0.07766666666666655
3 0.5117619047619048 0.23868518518518517 0.07679761904761903 0.05849999999999998
3 0.5797738095238095 0.2391296296296296 0.06319047619047617 0.05409259259259258
3 0.5134642857142857 0.2851944444444444 0.05979761904761907 0.037768518518518486
3 0.5868690476190477 0.27637962962962964 0.06715476190476194 0.05187037037037035
3 0.2938095238095238 0.7277962962962963 0.06608333333333333 0.06583333333333324
3 0.2096309523809524 0.7652685185185185 0.07120238095238096 0.06669444444444442
3 0.1331190476190476 0.7932685185185185 0.0678095238095238 0.05654629629629624
3 0.049785714285714294 0.8148703703703704 0.07123809523809525 0.06271296296296298
0 0.07755952380952381 0.8690925925925926 0.07916666666666666 0.07591666666666667
0 0.1657142857142857 0.8472777777777777 0.08807142857142859 0.08145370370370372
0 0.2504523809523809 0.8047407407407408 0.11246428571428575 0.08981481481481482
0 0.31933333333333336 0.7756481481481482 0.1141785714285714 0.08980555555555557
7 0.5999047619047618 0.32422222222222224 0.0904285714285714 0.04556481481481485
7 0.5162976190476191 0.3191481481481482 0.07738095238095238 0.058351851851851835