3 0.495702479338843 0.26100642398286933 0.08885674931129475 0.06764453961456098
3 0.5743939393939393 0.2615203426124197 0.07311294765840211 0.0625481798715203
3 0.49767217630853994 0.31478586723768737 0.06918732782369148 0.04367237687366163
3 0.582603305785124 0.304593147751606 0.07769972451790645 0.05997858672376872
3 0.2435261707988981 0.8265738758029978 0.07646005509641872 0.07612419700214124
3 0.14612947658402203 0.8699036402569593 0.08238292011019284 0.07711991434689505
3 0.05760330578512396 0.9022805139186296 0.07845730027548206 0.06538543897216267
0 0.01928374655647383 0.9726980728051392 0.03856749311294766 0.05460385438972163
0 0.09504132231404959 0.958779443254818 0.10192837465564739 0.08244111349036402
0 0.19336088154269973 0.9155460385438973 0.1301239669421488 0.10385438972162742
0 0.2730578512396694 0.8819057815845824 0.13210743801652888 0.10384368308351179
7 0.597685950413223 0.35991434689507495 0.10462809917355377 0.052687366167023596
7 0.5009504132231405 0.35404710920770877 0.08953168044077135 0.0674732334047109