7 0.35056354916067145 0.3299348230912477 0.07225419664268584 0.06621973929236499
0 0.4259232613908873 0.17365921787709496 0.09218225419664282 0.07081936685288641
0 0.3542805755395684 0.17764432029795157 0.07447242206235 0.07347299813780263
0 0.28663069544364506 0.17232774674115459 0.08302158273381297 0.07879888268156424
3 0.491294964028777 0.23417132216014896 0.06764988009592321 0.05616387337057733
3 0.4250719424460431 0.22618249534450652 0.08362110311750601 0.07213221601489755
3 0.3576978417266188 0.24059590316573554 0.05392086330935255 0.05572625698324025
3 0.2823381294964029 0.23438547486033517 0.07446043165467615 0.0592737430167598
3 0.4924340527577938 0.2835940409683426 0.07221822541966429 0.06191806331471136
3 0.4190767386091127 0.27871508379888266 0.07847721822541971 0.052160148975791416
3 0.3477098321342926 0.27694599627560523 0.05677458033573131 0.04862197392923653
3 0.28663069544364506 0.27827746741154563 0.05562350119904089 0.06191806331471136