7 0.3618266666666667 0.341649377593361 0.08034666666666665 0.07377593360995852
0 0.4456266666666667 0.1675414937759336 0.10250666666666682 0.07890041493775934
0 0.36596000000000006 0.17198132780082986 0.0828133333333332 0.08185684647302907
0 0.2907333333333333 0.16605809128630708 0.09232000000000001 0.08779045643153527
3 0.51832 0.2349585062240664 0.07522666666666661 0.06257261410788387
3 0.44467999999999996 0.22605809128630705 0.09298666666666668 0.08036307053941906
3 0.3697600000000001 0.24211618257261408 0.059960000000000034 0.06208506224066392
3 0.28596000000000005 0.23519709543568465 0.08279999999999987 0.06603734439834028
3 0.5195866666666666 0.2900207468879668 0.08030666666666669 0.06898340248962656
3 0.4380133333333333 0.2845850622406639 0.08726666666666673 0.05811203319502073
3 0.3586533333333333 0.2826141078838174 0.06313333333333321 0.05417012448132783
3 0.2907333333333333 0.284097510373444 0.06185333333333347 0.06898340248962656