7 0.6483690476190476 0.32995370370370375 0.07173809523809523 0.06585185185185186
0 0.573547619047619 0.17454629629629628 0.09152380952380959 0.07042592592592593
0 0.6446785714285714 0.17850925925925926 0.07394047619047614 0.07306481481481483
0 0.7118452380952381 0.17322222222222222 0.08242857142857143 0.0783611111111111
3 0.5086428571428572 0.23472222222222222 0.06716666666666662 0.055851851851851875
3 0.5743928571428571 0.22677777777777777 0.08302380952380954 0.07173148148148145
3 0.6412857142857142 0.24111111111111108 0.05353571428571432 0.05541666666666669
3 0.7161071428571428 0.23493518518518516 0.07392857142857132 0.058944444444444466
3 0.5075119047619048 0.28387037037037033 0.07170238095238098 0.06157407407407407
3 0.5803452380952381 0.2790185185185185 0.07791666666666672 0.05187037037037035
3 0.6512023809523809 0.27725925925925926 0.05636904761904751 0.048351851851851875
3 0.7118452380952381 0.27858333333333335 0.055226190476190595 0.06157407407407407