5 0.31657608695652173 0.9883720930232558 0.10869565217391304 0.023255813953488372
3 0.22838315217391308 0.5233826638477801 0.08114130434782613 0.06417547568710363
3 0.5382608695652175 0.596353065539112 0.07275815217391299 0.07119450317124726
3 0.5887228260869566 0.5294186046511629 0.05722826086956522 0.07021141649048633
3 0.6469429347826087 0.5057610993657504 0.07273097826086952 0.10142706131078229
3 0.7378396739130434 0.5691754756871037 0.0487771739130436 0.06516913319238911
3 0.7038722826086956 0.6537315010570824 0.07013586956521724 0.06513742071881595
3 0.35517663043478265 0.256892177589852 0.06373641304347821 0.04766384778012688
3 0.20444293478260872 0.24657505285412262 0.07282608695652161 0.06024312896405921
3 0.18535326086956516 0.3039429175475687 0.12394021739130438 0.07230443974630019
0 0.3487092391304348 0.17560253699788583 0.08116847826086958 0.0874418604651163
0 0.2801358695652173 0.1766173361522199 0.09408967391304347 0.08946088794926003
0 0.19248641304347822 0.1743446088794926 0.07919836956521734 0.10003171247357294
0 0.12228260869565218 0.17233615221987314 0.07595108695652186 0.09600422832980972