5 0.6126547619047619 0.9195648148148148 0.09491666666666669 0.08957407407407408
3 0.6891785714285714 0.476962962962963 0.07109523809523813 0.056212962962963
3 0.41766666666666663 0.5408796296296297 0.06374999999999995 0.06236111111111103
3 0.3734523809523809 0.48225 0.05014285714285715 0.06150000000000001
3 0.3224404761904762 0.4615277777777777 0.06372619047619045 0.08884259259259258
3 0.24279761904761904 0.5170740740740741 0.042738095238095214 0.057083333333333416
3 0.2725595238095238 0.5911388888888889 0.06145238095238096 0.05705555555555546
3 0.5780833333333333 0.24353703703703702 0.05584523809523806 0.04175000000000003
3 0.7101547619047619 0.2345 0.0638095238095237 0.05276851851851853
3 0.7268809523809524 0.28474999999999995 0.10859523809523813 0.06333333333333331
0 0.58375 0.17233333333333334 0.07111904761904762 0.07659259259259261
0 0.6438333333333334 0.17322222222222222 0.08244047619047619 0.0783611111111111
0 0.7206309523809524 0.17123148148148148 0.0693928571428571 0.08762037037037036
0 0.7821428571428571 0.16947222222222222 0.06654761904761916 0.08409259259259258