5 0.36777641277641276 0.9293785850860421 0.09794840294840297 0.09248565965583175
3 0.28880835380835385 0.4723900573613767 0.0733660933660934 0.05804015296367116
3 0.568992628992629 0.5383843212237094 0.06578624078624074 0.06438814531548749
3 0.6146191646191647 0.47784894837476105 0.05174447174447175 0.06349904397705552
3 0.6672604422604422 0.45645315487571697 0.06576167076167073 0.09173040152963675
3 0.7494471744471743 0.5138049713193117 0.044103194103194215 0.058938814531548846
3 0.7187346437346437 0.5902772466539197 0.06341523341523328 0.058910133843212135
3 0.40345208845208846 0.23137667304015294 0.05762899262899259 0.043107074569789704
3 0.2671621621621622 0.22204588910133843 0.06584766584766574 0.054483747609942644
3 0.24990171990171986 0.27392925430210324 0.1120638820638821 0.06539196940726576
0 0.3976044226044226 0.1578585086042065 0.0733906633906634 0.07908221797323138
0 0.33560196560196554 0.15877629063097515 0.08507371007371008 0.08090822179732313
0 0.2563513513513513 0.1567208413001912 0.07160933660933656 0.09046845124282982
0 0.1928746928746929 0.15490439770554493 0.06867321867321878 0.08682600382409177