0 0.5414453124999999 0.1777834008097166 0.08587239583333339 0.06830971659919029
0 0.4686067708333333 0.1705566801619433 0.09391927083333333 0.0769838056680162
0 0.39885416666666657 0.17633603238866397 0.09576822916666661 0.08276315789473683
3 0.6108854166666667 0.2399493927125506 0.07348958333333326 0.06539473684210528
3 0.5417578125 0.23729757085020242 0.06665364583333326 0.06298582995951418
3 0.4630208333333334 0.23897773279352227 0.06787760416666666 0.06346153846153851
3 0.39544270833333334 0.23897773279352227 0.06910156250000006 0.06346153846153851
3 0.6180208333333334 0.2946356275303644 0.07782552083333331 0.0735627530364373
3 0.5318359375 0.2787348178137652 0.07161458333333333 0.06489878542510122
3 0.4686067708333333 0.2866902834008097 0.07160156250000001 0.05477732793522268
3 0.39358072916666664 0.28524291497975707 0.07282552083333342 0.06345141700404852
7 0.46798177083333337 0.3269230769230769 0.07283854166666659 0.06295546558704458