0 0.46329761904761907 0.1811574074074074 0.07851190476190481 0.06249074074074075
0 0.5298928571428572 0.17454629629629628 0.08586904761904761 0.07042592592592593
0 0.5936666666666668 0.17983333333333335 0.08755952380952382 0.07571296296296294
3 0.3998095238095238 0.23802777777777778 0.06719047619047612 0.059824074074074085
3 0.4630119047619048 0.23560185185185184 0.06094047619047612 0.057620370370370384
3 0.5349999999999999 0.2371388888888889 0.06205952380952381 0.05805555555555557
3 0.5967857142857143 0.2371388888888889 0.06317857142857149 0.05805555555555557
3 0.3932857142857143 0.28805555555555556 0.07115476190476189 0.06729629629629635
3 0.47208333333333335 0.27350925925925923 0.06547619047619048 0.05937037037037037
3 0.5298928571428572 0.28078703703703706 0.06546428571428572 0.05011111111111111
3 0.5984880952380952 0.27946296296296297 0.06658333333333334 0.05804629629629624
7 0.5304642857142857 0.3175925925925926 0.06659523809523803 0.05759259259259263