0 0.5435375 0.1666504854368932 0.08243750000000005 0.0655242718446602
0 0.4736125 0.15971844660194173 0.09016249999999999 0.07384466019417477
0 0.4066499999999999 0.1652621359223301 0.09193749999999995 0.07938834951456308
3 0.6102000000000001 0.22628155339805825 0.07054999999999993 0.06272815533980584
3 0.5438375 0.22373786407766988 0.06398749999999992 0.06041747572815536
3 0.46825000000000006 0.2253495145631068 0.0651625 0.060873786407767035
3 0.403375 0.2253495145631068 0.06633750000000006 0.060873786407767035
3 0.61705 0.27873786407766993 0.07471249999999997 0.07056310679611656
3 0.5343125 0.26348543689320386 0.06875 0.062252427184466025
3 0.4736125 0.27111650485436894 0.0687375 0.05254368932038835
3 0.4015875 0.2697281553398058 0.06991250000000009 0.06086407766990286
7 0.47301250000000006 0.30970873786407765 0.06992499999999993 0.06038834951456315