7 0.4239047619047619 0.32775000000000004 0.07169047619047622 0.06496296296296293
3 0.28417857142857145 0.23802777777777778 0.06721428571428568 0.049240740740740724
3 0.3516309523809524 0.2364814814814815 0.06607142857142857 0.04880555555555554
3 0.4182261904761905 0.23736111111111113 0.059821428571428574 0.04527777777777776
3 0.4913571428571429 0.2389074074074074 0.08360714285714288 0.04571296296296297
3 0.2855952380952381 0.28123148148148147 0.07345238095238094 0.05627777777777775
3 0.3564404761904762 0.28629629629629627 0.07229761904761907 0.058481481481481454
3 0.4253214285714286 0.2816666666666667 0.05698809523809524 0.06245370370370375
3 0.4975833333333334 0.27990740740740744 0.07567857142857148 0.058925925925925916
0 0.36126190476190473 0.17498148148148146 0.07853571428571432 0.06601851851851853
0 0.41709523809523813 0.1648425925925926 0.07795238095238097 0.07748148148148148
0 0.49304761904761907 0.17322222222222222 0.07340476190476186 0.06777777777777777
5 0.4981547619047619 0.918685185185185 0.09040476190476184 0.07193518518518513