7 0.6372804532577904 0.3604065934065934 0.08529745042492921 0.07709890109890107
3 0.803526912181303 0.2539230769230769 0.07997167138810203 0.05843956043956038
3 0.723271954674221 0.2520879120879121 0.07861189801699717 0.057923076923076904
3 0.6440368271954674 0.25313186813186817 0.0711756373937677 0.05373626373626371
3 0.5570254957507083 0.25496703296703294 0.09947592067988671 0.05425274725274726
3 0.8018413597733711 0.30519780219780224 0.0873937677053825 0.06679120879120876
3 0.7175495750708214 0.3112087912087912 0.08601983002832864 0.06940659340659337
3 0.6355949008498584 0.3057142857142857 0.06780453257790368 0.07412087912087917
3 0.5496175637393768 0.3036263736263736 0.09004249291784709 0.06993406593406593
0 0.7118130311614732 0.1790989010989011 0.0934419263456091 0.07835164835164836
0 0.6453824362606232 0.16706593406593406 0.09274787535410768 0.09195604395604397
0 0.555014164305949 0.17701098901098902 0.08733711048158636 0.08043956043956042