7 0.4390330788804071 0.33099802371541504 0.07661577608142497 0.06932806324110669
3 0.28970737913486005 0.23524703557312251 0.07183206106870227 0.052549407114624455
3 0.361793893129771 0.23359683794466404 0.07061068702290077 0.05208498023715413
3 0.43296437659033077 0.23453557312252968 0.06393129770992366 0.048320158102766776
3 0.511119592875318 0.23618577075098812 0.08935114503816796 0.04878458498023716
3 0.2912213740458015 0.28135375494071146 0.07849872773536894 0.06005928853754938
3 0.3669338422391858 0.2867588932806324 0.07726463104325702 0.06241106719367586
3 0.44054707379134855 0.2818181818181818 0.06090330788804072 0.06665019762845854
3 0.5177735368956743 0.2799407114624506 0.08087786259541992 0.06288537549407114
0 0.37208651399491094 0.16796442687747035 0.0839312977099237 0.07045454545454546
0 0.4317557251908397 0.15714426877470355 0.08330788804071249 0.08268774703557313
0 0.5129262086513995 0.16608695652173913 0.07844783715012718 0.07233201581027666
5 0.5178117048346056 0.9614624505928854 0.09669211195928754 0.07707509881422925