5 0.5251322751322751 0.9768518518518519 0.09259259259259259 0.046296296296296294
7 0.6152248677248677 0.3378395061728395 0.07025132275132277 0.06447530864197526
3 0.7689021164021164 0.2330246913580247 0.06525132275132266 0.04883744855967081
3 0.7626058201058201 0.2871502057613169 0.07029100529100513 0.060082304526748946
3 0.6838756613756614 0.23742798353909464 0.0765740740740739 0.05177983539094649
3 0.6898544973544973 0.29277777777777775 0.07593915343915354 0.0566563786008231
3 0.6177380952380952 0.23253086419753088 0.06521164021164015 0.06549382716049386
3 0.6202645502645503 0.2829835390946502 0.06773809523809529 0.060576131687242796
3 0.545952380952381 0.23865226337448556 0.08031746031746036 0.06891975308641976
3 0.5459391534391534 0.28690329218106997 0.07276455026455025 0.0684156378600823
0 0.6926984126984128 0.16738683127572015 0.06649470899470897 0.07628600823045265
0 0.6259391534391534 0.17105967078189302 0.08662698412698414 0.06894032921810699
0 0.5402777777777777 0.16542181069958847 0.07653439153439155 0.0723765432098765