5 0.5628731343283582 0.9211411992263057 0.087363184079602 0.0820406189555125
7 0.6481467661691542 0.3011411992263056 0.06605721393034814 0.06060928433268855
3 0.7926492537313432 0.20261121856866537 0.06135572139303474 0.045909090909090934
3 0.786728855721393 0.2534912959381045 0.06609452736318393 0.05647969052224369
3 0.7126990049751244 0.2067504835589942 0.0720024875621889 0.048675048355899406
3 0.718320895522388 0.25878143133462284 0.07140547263681603 0.0532591876208898
3 0.6505099502487562 0.202147001934236 0.061318407960198947 0.06156673114119925
3 0.6528855721393035 0.2495744680851064 0.06369402985074632 0.05694390715667311
3 0.5830099502487562 0.20790135396518372 0.07552238805970153 0.0647872340425532
3 0.582997512437811 0.2532591876208897 0.06842039800995024 0.06431334622823985
0 0.720995024875622 0.1409090909090909 0.06252487562189052 0.0717117988394584
0 0.658221393034826 0.14436170212765959 0.08145522388059703 0.06480657640232107
0 0.5776741293532338 0.13906189555125725 0.07196517412935326 0.06803675048355896