5 0.45053571428571426 0.9180185185185186 0.08361904761904763 0.07854629629629623
7 0.36891666666666667 0.3244259259259259 0.06322619047619049 0.05802777777777774
3 0.23060714285714287 0.2300925925925926 0.05872619047619046 0.04395370370370373
3 0.23627380952380952 0.2788055555555556 0.06326190476190474 0.05407407407407405
3 0.3071309523809524 0.23405555555555554 0.06891666666666665 0.04660185185185184
3 0.30175 0.28387037037037033 0.06834523809523813 0.05099074074074079
3 0.3666547619047619 0.22964814814814816 0.05869047619047613 0.058944444444444466
3 0.36438095238095236 0.27505555555555555 0.060964285714285756 0.054518518518518515
3 0.43126190476190474 0.23515740740740737 0.07228571428571431 0.06202777777777776
3 0.4312738095238095 0.27858333333333335 0.06548809523809523 0.06157407407407407
0 0.2991904761904762 0.17101851851851851 0.059845238095238076 0.06865740740740739
0 0.35927380952380955 0.17432407407407408 0.07796428571428572 0.06204629629629629
0 0.43636904761904766 0.16924999999999998 0.0688809523809524 0.06513888888888886