0 0.4091666666666667 0.17762962962962964 0.0620833333333333 0.07130555555555555
0 0.4783095238095238 0.17277777777777778 0.06434523809523804 0.07218518518518517
0 0.5505833333333333 0.1774074074074074 0.06942857142857149 0.07879629629629627
3 0.34623809523809523 0.2327314814814815 0.06549999999999997 0.054537037037037044
3 0.4080238095238095 0.24287037037037038 0.07342857142857137 0.048361111111111126
3 0.47208333333333335 0.24287037037037038 0.07227380952380957 0.043064814814814806
3 0.3417023809523809 0.28078703703703706 0.07003571428571434 0.060685185185185155
3 0.4139761904761905 0.28078703703703706 0.06832142857142856 0.05539814814814819
3 0.4743452380952381 0.28122222222222226 0.07680952380952379 0.06157407407407407
3 0.893797619047619 0.7921666666666667 0.08579761904761897 0.056990740740740696
3 0.8711309523809524 0.8384537037037036 0.08126190476190476 0.05433333333333339
3 0.9764761904761905 0.8056111111111111 0.047047619047619026 0.054777777777777856
3 0.9572857142857143 0.8693148148148149 0.056297619047619006 0.05784259259259262
7 0.4854047619047619 0.32222222222222224 0.0683095238095238 0.048333333333333374
5 0.39611904761904765 0.9283796296296295 0.09723809523809532 0.086037037037037