0 0.42202216066481996 0.11728448275862069 0.0722299168975069 0.08298491379310344
0 0.5024653739612188 0.11163793103448275 0.07486149584487528 0.08400862068965514
0 0.5865512465373961 0.11702586206896551 0.08077562326869812 0.09170258620689652
3 0.34880886426592794 0.18141163793103451 0.07620498614958446 0.06346982758620687
3 0.4206925207756233 0.19321120689655175 0.08542936288088636 0.056282327586206916
3 0.4952216066481995 0.19321120689655175 0.08408587257617733 0.05011853448275861
3 0.34353185595567864 0.23733836206896552 0.08148199445983385 0.07062499999999997
3 0.427617728531856 0.23733836206896552 0.07948753462603876 0.06447198275862073
3 0.49785318559556785 0.23784482758620692 0.08936288088642656 0.07165948275862069
3 0.9674515235457064 0.8318965517241379 0.06509695290858726 0.0668103448275862
3 0.9556786703601108 0.8857758620689655 0.0886426592797784 0.0625
7 0.5107202216066482 0.2855603448275862 0.07947368421052631 0.05625000000000005
5 0.40581717451523547 0.9703663793103449 0.11357340720221606 0.059267241379310345