0 0.624738219895288 0.174989816700611 0.0682591623036649 0.07842158859470467
0 0.548717277486911 0.16965376782077393 0.07074607329842926 0.07938900203665986
0 0.4692539267015707 0.17474541751527495 0.07633507853403147 0.08665987780040729
3 0.6939267015706807 0.23559063136456215 0.07201570680628269 0.05997963340122197
3 0.6259947643979058 0.24674134419551935 0.08073298429319366 0.05318737270875765
3 0.5555628272251308 0.24674134419551935 0.07946335078534036 0.04736252545824846
3 0.698913612565445 0.2884419551934827 0.07700261780104703 0.06674134419551932
3 0.6194502617801046 0.2884419551934827 0.0751178010471204 0.06092668024439923
3 0.5530759162303666 0.2889205702647658 0.08445026178010469 0.06771894093686355
3 0.09189790575916235 0.8508553971486761 0.09433246073298421 0.06267820773930749
3 0.11681937172774869 0.9017617107942973 0.08934554973821988 0.059755600814664016
3 0.0137434554973822 0.865071283095723 0.0274869109947644 0.06008146639511202
3 0.026832460732984294 0.935336048879837 0.05366492146596859 0.06415478615071284
7 0.5409162303664922 0.3340122199592668 0.0751047120418848 0.05315682281059068
5 0.6400523560209425 0.9765784114052953 0.10732984293193717 0.04684317718940937