5 0.44798809523809524 0.9202314814814814 0.07511904761904764 0.07237962962962959
1 0.5888452380952381 0.7425648148148148 0.06091666666666669 0.060972222222222136
1 0.5358452380952381 0.6299351851851852 0.04676190476190473 0.04999074074074075
3 0.5542738095238094 0.4588888888888889 0.07339285714285712 0.06768518518518515
3 0.6438333333333334 0.4809259259259259 0.062035714285714166 0.0694351851851852
3 0.7727857142857143 0.49326851851851855 0.08524999999999988 0.07824999999999999
3 0.7118452380952381 0.5166388888888889 0.0688214285714285 0.06149074074074082
3 0.70675 0.5798981481481481 0.06542857142857147 0.06896296296296298
3 0.5321666666666667 0.2358148148148148 0.06319047619047624 0.06599074074074072
3 0.5984880952380952 0.24023148148148146 0.06658333333333334 0.05364814814814812
3 0.5979166666666667 0.27791666666666665 0.07904761904761909 0.05760185185185188
7 0.5933809523809525 0.3220092592592592 0.06998809523809527 0.05582407407407404
0 0.5293333333333333 0.16837037037037036 0.08473809523809532 0.0686666666666667
0 0.602452380952381 0.17674074074074073 0.07451190476190479 0.09070370370370369
0 0.6636666666666667 0.17410185185185184 0.08810714285714284 0.07483333333333332