5 0.510387811634349 0.990301724137931 0.08725761772853186 0.01939655172413793
1 0.675387811634349 0.8167780172413793 0.07087257617728542 0.07095905172413783
1 0.6137257617728532 0.6857004310344827 0.05440443213296395 0.058178879310344836
3 0.6351662049861495 0.4866379310344828 0.085387811634349 0.07877155172413783
3 0.7393628808864267 0.5122844827586207 0.07217451523545693 0.08080818965517242
3 0.8893905817174516 0.5266487068965517 0.0991828254847644 0.09106681034482758
3 0.8184903047091413 0.5538469827586208 0.08006925207756226 0.07156250000000008
3 0.812562326869806 0.6274676724137931 0.07612188365650975 0.0802586206896552
3 0.6094459833795014 0.22702586206896552 0.07351800554016626 0.07679956896551722
3 0.6866066481994461 0.23216594827586207 0.07746537396121893 0.06243534482758614
3 0.6859418282548476 0.2760237068965517 0.09196675900277021 0.06703663793103452
7 0.6806648199445984 0.3273383620689655 0.08142659279778389 0.06496767241379306
0 0.6061495844875346 0.1485344827586207 0.09858725761772862 0.0799137931034483
0 0.691218836565097 0.15827586206896552 0.08668975069252081 0.10556034482758618
0 0.762437673130194 0.15520474137931034 0.10250692520775621 0.0870905172413793