5 0.531491002570694 0.975 0.08097686375321336 0.05
1 0.3783676092544987 0.7979700000000001 0.06577120822622118 0.06584999999999991
1 0.4355912596401028 0.67633 0.05048843187660665 0.05399000000000001
3 0.415694087403599 0.49160000000000004 0.07924164524421591 0.07309999999999992
3 0.3189974293059125 0.5154 0.06697943444730065 0.07499000000000001
3 0.1797686375321337 0.52873 0.09204370179948573 0.08450999999999999
3 0.24556555269922872 0.5539700000000001 0.07430591259640096 0.06641000000000008
3 0.25106683804627256 0.62229 0.07064267352185094 0.07448000000000002
3 0.43956298200514143 0.25068 0.06822622107969156 0.07126999999999999
3 0.3679562982005141 0.25545 0.07188946015424173 0.05793999999999994
3 0.368573264781491 0.29614999999999997 0.0853470437017996 0.062210000000000036
7 0.37347043701799476 0.34376999999999996 0.07556555269922874 0.06028999999999996
0 0.4426221079691517 0.17784 0.09149100257069417 0.07416000000000003
0 0.3636760925449871 0.18688 0.08044987146529567 0.09795999999999998
0 0.2975835475578406 0.18403 0.09512853470437017 0.08081999999999999