5 0.5426520681265207 0.9341871455576559 0.09701946472019465 0.08378071833648403
7 0.4354987834549879 0.32847826086956516 0.0634428223844282 0.05518903591682418
3 0.23536496350364963 0.2324007561436673 0.06985401459854017 0.06017013232514175
3 0.43723844282238444 0.23127599243856334 0.08081508515815079 0.06061436672967863
3 0.43289537712895376 0.27132325141776936 0.061703163017031666 0.048903591682419666
3 0.5719099756690997 0.28550094517958413 0.054720194647201965 0.05294896030245745
3 0.6364963503649635 0.23734404536862005 0.062238442822384527 0.05386578449905483
3 0.6469221411192214 0.27582230623818527 0.05529197080291976 0.05790170132325141
0 0.3662773722627737 0.17749527410207938 0.060559610705596074 0.06918714555765594
0 0.4256569343065693 0.17591682419659735 0.07155717761557184 0.0741398865784499
0 0.5021167883211679 0.17862003780718336 0.07153284671532842 0.0741398865784499