5 0.5244987146529563 0.92237 0.10250642673521851 0.0886400000000001
7 0.41128534704370184 0.28152999999999995 0.06703084832904882 0.058389999999999984
3 0.19983290488431876 0.17987999999999998 0.07380462724935735 0.06365999999999997
3 0.4131233933161954 0.17869 0.08538560411311047 0.06412999999999999
3 0.4085347043701799 0.22106 0.06519280205655531 0.05174000000000001
3 0.5554113110539846 0.23606 0.05781491002570696 0.05601999999999998
3 0.6236503856041131 0.18511000000000002 0.06575835475578416 0.056990000000000006
3 0.6346658097686375 0.22582 0.05841902313624685 0.06125999999999999
0 0.3381491002570694 0.12179 0.06398457583547554 0.07319999999999999
0 0.4008868894601542 0.12012 0.07560411311053991 0.07844
0 0.48167095115681235 0.12297999999999999 0.07557840616966575 0.07844