5 0.5310238095238096 0.919787037037037 0.09494047619047619 0.08207407407407416
7 0.4261666666666667 0.32641666666666663 0.0620833333333333 0.0540648148148148
3 0.23032142857142857 0.23229629629629628 0.06835714285714288 0.05894444444444442
3 0.42786904761904765 0.23119444444444445 0.07908333333333327 0.05937962962962962
3 0.42361904761904756 0.2704259259259259 0.06038095238095241 0.04790740740740741
3 0.5596547619047619 0.2843148148148148 0.053547619047619066 0.05187037037037035
3 0.6228571428571429 0.2371388888888889 0.060904761904761934 0.05276851851851853
3 0.6330595238095238 0.2748333333333333 0.05410714285714291 0.056722222222222216
0 0.35842857142857143 0.17850925925925926 0.05926190476190473 0.06777777777777777
0 0.4165357142857143 0.17696296296296296 0.07002380952380959 0.07262962962962963
0 0.4913571428571429 0.1796111111111111 0.06999999999999995 0.07262962962962963