0 0.21597796143250692 0.04959314775160599 0.07646005509641872 0.08041755888650966
0 0.2920523415977961 0.05264453961456102 0.0711983471074381 0.08041755888650966
0 0.3678099173553719 0.05723768736616703 0.08494490358126716 0.07735546038543897
3 0.05694214876033058 0.12758029978586727 0.0771487603305785 0.07120985010706637
3 0.29566115702479334 0.13140256959314778 0.08234159779614321 0.0696788008565311
3 0.2891046831955923 0.1775374732334047 0.07709366391184577 0.0610064239828694
3 0.5160330578512397 0.1265631691648822 0.07442148760330575 0.06917558886509638
3 0.5222589531680442 0.1747323340471092 0.07508264462809916 0.0645717344753748
7 0.48760330578512395 0.029978586723768737 0.07713498622589532 0.059957173447537475
7 0.5895316804407713 0.014453961456102784 0.06887052341597796 0.028907922912205567
5 0.27796143250688704 0.9243254817987152 0.10202479338842982 0.08624197002141323