0 0.2938095238095238 0.1688148148148148 0.06608333333333333 0.06954629629629631
0 0.3595595238095238 0.1714537037037037 0.06153571428571435 0.06954629629629631
0 0.42503571428571424 0.17542592592592593 0.07341666666666662 0.06689814814814815
3 0.15635714285714286 0.23625925925925928 0.06667857142857142 0.06158333333333335
3 0.3626785714285714 0.23956481481481484 0.07116666666666663 0.06025925925925927
3 0.35701190476190475 0.27946296296296297 0.06663095238095242 0.05275925925925928
3 0.5531428571428572 0.2353796296296296 0.06432142857142854 0.05982407407407406
3 0.5585238095238095 0.277037037037037 0.06489285714285713 0.055842592592592645
7 0.529047619047619 0.14544444444444446 0.06716666666666662 0.06514814814814816
7 0.5627738095238095 0.07557407407407409 0.049583333333333306 0.0603148148148148
7 0.6336309523809524 0.06256481481481481 0.05523809523809528 0.05812037037037038
7 0.616904761904762 0.12031481481481482 0.059214285714285726 0.06250925925925925
5 0.3473809523809524 0.9252962962962964 0.08817857142857145 0.0745833333333333