0 0.6980099502487562 0.17535783365570598 0.06904228855721392 0.07264023210831723
0 0.62931592039801 0.17811411992263054 0.06429104477611947 0.07264023210831723
0 0.560907960199005 0.18226305609284332 0.07670398009950244 0.06987427466150871
3 0.8416169154228855 0.24580270793036754 0.0696641791044776 0.06432301740812378
3 0.6260572139303483 0.2492553191489362 0.07435323383084574 0.06294003868471958
3 0.6319776119402986 0.2909284332688588 0.06961442786069655 0.055106382978723424
3 0.42706467661691544 0.24488394584139264 0.0672014925373134 0.06248549323017409
3 0.4214427860696517 0.288394584139265 0.06779850746268655 0.05832688588007743
7 0.45223880597014926 0.1509477756286267 0.07017412935323378 0.06804642166344295
7 0.41700248756218905 0.07796905222437138 0.05180348258706465 0.0629980657640232
7 0.3429726368159204 0.06438104448742746 0.057711442786069767 0.06070599613152806
7 0.36044776119402977 0.12470019342359767 0.061865671641791055 0.06529013539651837
5 0.6430348258706468 0.9632495164410058 0.09203980099502487 0.0735009671179884