0 0.6589466666666667 0.13182572614107885 0.09302666666666665 0.08186721991701247
0 0.5767333333333333 0.13404564315352696 0.09365333333333335 0.08334024896265557
0 0.4980133333333333 0.14318464730290456 0.09870666666666664 0.09272821576763485
3 0.8024266666666666 0.2009647302904564 0.08035999999999997 0.07196058091286307
3 0.5764133333333333 0.19701244813278004 0.08285333333333332 0.06405601659751037
3 0.578 0.24689834024896265 0.08349333333333334 0.057126556016597566
3 0.3548533333333333 0.2029460580912863 0.09169333333333331 0.05220954356846477
3 0.34786666666666666 0.25109958506224067 0.08279999999999987 0.06256224066390048
7 0.8433733333333333 0.4538381742738589 0.1089333333333334 0.08570539419087125
7 0.978 0.4470954356846473 0.044 0.04979253112033195
7 0.9322533333333334 0.5061929460580913 0.08356000000000009 0.059999999999999915
7 0.988 0.6265560165975104 0.024 0.05186721991701245
7 0.8916133333333334 0.6511514522821578 0.07339999999999994 0.06835062240663911
1 0.6395866666666666 0.5210062240663901 0.07461333333333338 0.06592323651452277
1 0.5367333333333334 0.6111514522821576 0.04729333333333337 0.05313278008298758
1 0.5748133333333334 0.7669813278008298 0.07014666666666669 0.06454356846473032
1 0.6446533333333333 0.8946473029045644 0.09551999999999983 0.07298755186721981
5 0.4613333333333333 0.9600622406639004 0.13866666666666666 0.07987551867219916