0 0.36360050890585244 0.13940711462450595 0.08876590330788801 0.07798418972332018
0 0.44204834605597965 0.14152173913043478 0.08936386768447838 0.0793873517786561
0 0.5171628498727735 0.15022727272727274 0.09418575063613228 0.08833003952569168
3 0.22669211195928754 0.2052667984189723 0.07667938931297708 0.06854743083003953
3 0.44235368956743004 0.20150197628458494 0.07905852417302797 0.061017786561264824
3 0.44083969465648853 0.24902173913043477 0.07966921119592876 0.05441699604743088
3 0.6537659033078881 0.20715415019762845 0.08749363867684476 0.04973320158102771
3 0.6604325699745547 0.2530237154150198 0.07900763358778615 0.05959486166007911
7 0.1876208651399491 0.4461462450592885 0.10394402035623408 0.08164031620553348
7 0.0510178117048346 0.44050395256916997 0.05975826972010178 0.04776679841897236
7 0.027989821882951654 0.5039525691699605 0.05597964376590331 0.05928853754940711
7 0.1028117048346056 0.49601778656126483 0.07973282442748093 0.05715415019762838
7 0.030534351145038167 0.6106719367588933 0.061068702290076333 0.04940711462450593
7 0.14159033078880406 0.6341007905138341 0.0700381679389313 0.06510869565217402
1 0.38207379134860053 0.5101284584980237 0.0711959287531807 0.06279644268774699
1 0.48021628498727736 0.595998023715415 0.04512722646310436 0.0506126482213439
1 0.4438804071246819 0.7444367588932806 0.06693384223918576 0.0614822134387352
1 0.37723918575063614 0.8660474308300395 0.09114503816793891 0.06952569169960464
5 0.552913486005089 0.9323814229249012 0.13237913486005085 0.08365612648221352