0 0.40094047619047624 0.17322222222222222 0.08305952380952379 0.07307407407407408
0 0.4743452380952381 0.1752037037037037 0.08361904761904763 0.07438888888888887
0 0.5446309523809524 0.1833611111111111 0.08813095238095235 0.0827685185185185
3 0.2728333333333333 0.23493518518518514 0.07174999999999998 0.06423148148148146
3 0.4746309523809524 0.23140740740740737 0.07397619047619046 0.0571759259259259
3 0.4732142857142857 0.27593518518518517 0.07454761904761906 0.05099074074074079
3 0.672452380952381 0.2367037037037037 0.08186904761904759 0.046601851851851867
3 0.6786904761904762 0.2796851851851852 0.07392857142857132 0.055842592592592645
7 0.23627380952380952 0.46064814814814814 0.09726190476190474 0.07649999999999996
7 0.10845238095238094 0.4553611111111111 0.05591666666666666 0.04475925925925929
7 0.07076190476190476 0.5150925925925925 0.08596428571428569 0.055759259259259286
7 0.15691666666666668 0.5073796296296297 0.07460714285714287 0.05355555555555548
7 0.07558333333333334 0.6149444444444444 0.08539285714285715 0.046472222222222276
7 0.19320238095238093 0.6367685185185186 0.0655357142857143 0.06100925925925935
1 0.4182261904761905 0.5206018518518518 0.06661904761904766 0.05884259259259255
1 0.5100595238095238 0.6010648148148148 0.04222619047619051 0.04742592592592595
1 0.47605952380952377 0.7401574074074074 0.0626309523809524 0.057611111111111134
1 0.41370238095238093 0.8541111111111112 0.08528571428571427 0.06514814814814805
5 0.5780833333333334 0.9162685185185185 0.12386904761904763 0.07838888888888897