5 0.43299031476997574 0.9297363465160077 0.11440677966101695 0.07658192090395473
7 0.3848547215496368 0.352758945386064 0.04811138014527846 0.057561205273069675
7 0.4540314769975787 0.30434086629001883 0.06887409200968521 0.05754237288135595
7 0.45893462469733654 0.36306967984934085 0.0832929782082324 0.06384180790960448
7 0.6612590799031478 0.35230696798493405 0.10061743341404346 0.06921845574387947
7 0.7287046004842614 0.3164406779661017 0.06259079903147705 0.07637476459510359
3 0.8053753026634383 0.2769868173258004 0.08912832929782069 0.06919020715630887
3 0.7926876513317191 0.22587570621468925 0.09303874092009674 0.04380414312617701
3 0.602457627118644 0.2303578154425612 0.07232445520581116 0.0635310734463277
3 0.3891767554479419 0.22094161958568737 0.08158595641646488 0.06622410546139364
0 0.5188740920096852 0.16758945386064028 0.10577481840193705 0.08327683615819209
0 0.5978450363196126 0.16804143126177026 0.08384987893462469 0.0734086629001883
0 0.6635593220338983 0.16758945386064028 0.09075060532687655 0.08865348399246707