5 0.4341071428571428 0.924425925925926 0.1125 0.0753055555555556
7 0.3867738095238095 0.35706481481481483 0.04730952380952382 0.05660185185185185
7 0.454797619047619 0.3094537037037037 0.06772619047619045 0.05658333333333335
7 0.4596190476190476 0.3672037037037037 0.08190476190476186 0.06277777777777774
7 0.6585714285714286 0.35662037037037037 0.09894047619047613 0.0680648148148148
7 0.7248928571428571 0.32135185185185183 0.0615476190476191 0.07510185185185186
3 0.8002857142857143 0.28255555555555556 0.08764285714285701 0.06803703703703705
3 0.7878095238095238 0.23229629629629628 0.09148809523809513 0.043074074074074056
3 0.60075 0.2367037037037037 0.07111904761904762 0.06247222222222225
3 0.3910238095238095 0.22744444444444442 0.08022619047619046 0.06512037037037038
0 0.5185595238095237 0.17498148148148146 0.10401190476190476 0.08188888888888889
0 0.5962142857142858 0.17542592592592593 0.08245238095238101 0.07218518518518517
0 0.6608333333333334 0.17498148148148146 0.08923809523809528 0.08717592592592596