5 0.5765970515970517 0.9267495219885278 0.1160933660933661 0.07775334608030586
7 0.6254422604422605 0.34094646271510515 0.048820638820638834 0.058441682600382405
7 0.5552457002457003 0.29178776290630976 0.06988943488943487 0.058422562141491406
7 0.5502702702702703 0.35141491395793495 0.08452088452088447 0.06481835564053533
7 0.3449631449631449 0.34048757170172084 0.10210073710073697 0.07027724665391968
7 0.27652334152334157 0.30407265774378583 0.06351351351351357 0.0775430210325048
3 0.19872235872235872 0.26401529636711285 0.09044226044226031 0.0702485659655832
3 0.2115970515970516 0.21212237093690248 0.0944103194103193 0.04447418738049711
3 0.40463144963144965 0.21667304015296365 0.0733906633906634 0.06450286806883368
3 0.621056511056511 0.20711281070745696 0.08278869778869777 0.0672370936902486
0 0.4894471744471745 0.15294455066921606 0.10733415233415233 0.08455066921606118
0 0.40931203931203924 0.1534034416826004 0.08508599508599507 0.07453154875717015
0 0.3426289926289926 0.15294455066921606 0.09208845208845214 0.09000956022944553