0 0.3091361256544502 0.14235234215885947 0.08691099476439802 0.0745417515274949
0 0.2334162303664922 0.135081466395112 0.07753926701570682 0.0774541751527495
0 0.14803664921465973 0.14138492871690428 0.09124345549738225 0.08423625254582481
5 0.3259554973821989 0.9585845213849288 0.09630890052356011 0.0765173116089614
7 0.3761256544502618 0.2887881873727087 0.07324607329842937 0.0631975560081467
7 0.1511387434554974 0.3440529531568228 0.08700261780104715 0.06321792260692469
7 0.08290575916230371 0.30332993890020366 0.07392670157068065 0.07484725050916496
7 0.5052356020942408 0.028513238289205704 0.08638743455497382 0.05702647657841141
7 0.6079842931937173 0.019348268839103868 0.056282722513089 0.038696537678207736
3 0.45590314136125654 0.20345213849287172 0.09068062827225128 0.07675152749490835
3 0.21626963350785341 0.20515274949083503 0.08636125654450263 0.08207739307535639
3 0.024869109947643978 0.19653767820773932 0.049738219895287955 0.07535641547861507
3 0.022905759162303665 0.2525458248472505 0.04581151832460733 0.059063136456211814