0 0.3092415730337078 0.17662663755458513 0.09325842696629226 0.0799126637554585
0 0.22799157303370793 0.16883187772925765 0.08320224719101126 0.0830349344978166
0 0.13637640449438204 0.17558951965065503 0.09790730337078657 0.09030567685589516
7 0.381123595505618 0.3336135371179039 0.07859550561797758 0.06775109170305683
7 0.13970505617977533 0.39286026200873364 0.09335674157303375 0.06777292576419218
7 0.06648876404494386 0.34920305676855895 0.07932584269662923 0.08024017467248909
7 0.5185533707865169 0.04695414847161573 0.09261235955056171 0.07649563318777292
7 0.6292275280898876 0.040720524017467244 0.061151685393258375 0.051539301310043674
3 0.46672752808988766 0.2421288209606987 0.09730337078651681 0.08228165938864629
3 0.2095926966292135 0.24395196506550218 0.09266853932584272 0.08799126637554582
3 0.01544943820224719 0.23471615720524017 0.03089887640449438 0.08078602620087336
3 0.013342696629213483 0.29475982532751094 0.026685393258426966 0.06331877729257641