0 0.6319285714285715 0.17850925925925926 0.07904761904761909 0.06777777777777777
0 0.700797619047619 0.17189814814814816 0.07052380952380953 0.07042592592592593
0 0.7784523809523809 0.17762962962962964 0.08298809523809528 0.07659259259259256
5 0.6166309523809524 0.920675925925926 0.08759523809523807 0.06957407407407416
7 0.571 0.3116574074074074 0.06661904761904766 0.057462962962963014
7 0.7756309523809524 0.3619074074074074 0.07913095238095241 0.05748148148148152
7 0.8376904761904762 0.32487962962962963 0.06723809523809526 0.06805555555555555
7 0.4545119047619048 0.06852777777777778 0.07849999999999993 0.06487962962962962
7 0.36070238095238094 0.06324074074074074 0.05183333333333329 0.04371296296296297
3 0.4984404761904762 0.23406481481481484 0.08247619047619044 0.06978703703703706
3 0.7163928571428572 0.23561111111111113 0.07854761904761907 0.0746296296296296
3 0.9125119047619048 0.22812037037037036 0.08766666666666678 0.06846296296296299
3 0.9074166666666666 0.2790277777777778 0.07065476190476179 0.05392592592592593