7 0.792809917355372 0.3973661670235546 0.08039944903581252 0.08178800856531047
7 0.7370523415977962 0.37135974304068525 0.0678374655647383 0.06809421841541759
7 0.6294903581267217 0.3285331905781585 0.07309917355371892 0.0681049250535332
7 0.7019696969696969 0.276541755888651 0.06455922865013759 0.06812633832976445
7 0.7698484848484848 0.30534261241970023 0.07831955922865 0.09207708779443255
3 0.5586776859504132 0.17613490364025694 0.1000275482093664 0.06539614561027841
3 0.3189669421487603 0.17663811563169166 0.08752066115702474 0.08273019271948606
3 0.787892561983471 0.17995717344753748 0.10991735537190077 0.060813704496788024
3 0.7941184573002754 0.23271948608137047 0.09351239669421502 0.07459314775160596
0 0.6393388429752066 0.11980728051391863 0.09610192837465563 0.08933618843683083
0 0.5540771349862259 0.11444325481798713 0.08754820936639111 0.08653104925053533
0 0.47012396694214875 0.11138115631691649 0.08494490358126716 0.07429336188436829