7 0.7447380952380953 0.4214259259259259 0.06948809523809511 0.07073148148148146
7 0.6965476190476191 0.3989351851851852 0.05863095238095238 0.05888888888888891
7 0.6035833333333334 0.3618981481481482 0.06317857142857142 0.05889814814814816
7 0.6662261904761905 0.3169351851851852 0.055797619047618915 0.058916666666666666
7 0.7248928571428571 0.3418425925925926 0.06769047619047606 0.07962962962962963
3 0.5423809523809524 0.23010185185185184 0.08645238095238096 0.05655555555555557
3 0.3352023809523809 0.23053703703703704 0.07564285714285714 0.0715462962962963
3 0.7404880952380952 0.23340740740740742 0.09499999999999995 0.0525925925925926
3 0.7458690476190476 0.27903703703703703 0.0808214285714287 0.06450925925925922
0 0.612095238095238 0.1813888888888889 0.08305952380952379 0.07725925925925926
0 0.5384047619047619 0.17675 0.0756666666666666 0.07483333333333332
0 0.4658452380952381 0.17410185185185184 0.07341666666666662 0.06424999999999999