7 0.7507213930348259 0.4392069632495164 0.07259950248756206 0.07387814313346226
7 0.7003731343283582 0.415715667311412 0.061256218905472636 0.061508704061895576
7 0.6032462686567164 0.3770309477756286 0.06600746268656708 0.06151837524177951
7 0.6686940298507462 0.33006769825918764 0.058296019900497376 0.06153771760154739
7 0.7299875621890547 0.3560831721470019 0.07072139303482575 0.08317214700193423
3 0.5393034825870647 0.23937137330754352 0.09032338308457712 0.05907156673114124
3 0.32284825870646766 0.239825918762089 0.07902985074626862 0.0747292069632495
3 0.7462810945273631 0.2428239845261122 0.09925373134328352 0.05493230174081239
3 0.7519029850746268 0.2904835589941973 0.0844402985074628 0.06737911025145064
0 0.612139303482587 0.18849129593810446 0.0867786069651741 0.0806963249516441
0 0.5351492537313433 0.18364603481624756 0.07905472636815913 0.07816247582205028
0 0.4593407960199005 0.18088007736943906 0.07670398009950244 0.06710831721470017