0 0.4502619047619048 0.1873240740740741 0.06604761904761906 0.07482407407407407
0 0.5361309523809524 0.18622222222222223 0.07792857142857147 0.08055555555555556
0 0.616904761904762 0.18952777777777777 0.07280952380952384 0.07394444444444445
3 0.28417857142857145 0.2587407407407407 0.06721428571428568 0.06422222222222224
3 0.5296190476190477 0.2616111111111111 0.061499999999999964 0.062018518518518535
3 0.7832738095238095 0.2622685185185185 0.07560714285714284 0.05011111111111111
3 0.7889404761904762 0.30900000000000005 0.05973809523809531 0.048333333333333374
7 0.7016428571428571 0.3625648148148148 0.055226190476190595 0.06815740740740742
7 0.6157857142857143 0.40819444444444447 0.07909523809523816 0.05485185185185186
7 0.7949047619047619 0.35662037037037037 0.07459523809523819 0.052194444444444446
7 0.7895119047619048 0.4170185185185185 0.07516666666666678 0.07954629629629627
7 0.8736904761904761 0.4205462962962963 0.07348809523809526 0.06190740740740742