0 0.453277108433735 0.181938202247191 0.06684337349397593 0.07566479400749064
0 0.5401807228915663 0.18082397003745318 0.07886746987951812 0.08146067415730338
0 0.6219277108433735 0.18416666666666667 0.07368674698795191 0.07477528089887642
3 0.2851927710843374 0.2541573033707865 0.06802409638554215 0.06494382022471912
3 0.5335903614457831 0.25705992509363296 0.06224096385542165 0.06271535580524347
3 0.7903012048192771 0.2577247191011236 0.07651807228915662 0.05067415730337079
3 0.7960361445783133 0.3049812734082397 0.06045783132530128 0.04887640449438207
7 0.7076867469879518 0.35914794007490636 0.05589156626506036 0.06892322097378278
7 0.6207951807228915 0.40529026217228464 0.08004819277108441 0.0554681647940075
7 0.8020722891566265 0.35313670411985015 0.07549397590361456 0.0527808988764045
7 0.7966144578313253 0.41421348314606743 0.07607228915662663 0.08044007490636701
7 0.8818072289156627 0.4177808988764045 0.07437349397590363 0.06260299625468166