0 0.46363874345549744 0.16426680244399186 0.07261780104712044 0.08229124236252545
0 0.5580497382198953 0.1630549898167006 0.08568062827225136 0.08859470468431772
0 0.6468586387434555 0.16669042769857434 0.08005235602094252 0.08132382892057027
3 0.28103403141361255 0.24281059063136456 0.0739005235602094 0.07063136456211815
3 0.550890052356021 0.24596741344195522 0.06761780104712038 0.06820773930753567
3 0.8297774869109948 0.24669042769857433 0.0831282722513089 0.055112016293279026
3 0.8360078534031414 0.2980855397148676 0.06568062827225139 0.05315682281059068
7 0.7400261780104712 0.3569959266802444 0.060719895287958243 0.07495926680244401
7 0.6456282722513089 0.40717922606924645 0.08696335078534038 0.06032586558044808
7 0.842565445026178 0.35045824847250506 0.08201570680628283 0.057403258655804486
7 0.8366361256544503 0.4168839103869654 0.08264397905759176 0.08748472505091646
7 0.9291884816753926 0.42076374745417516 0.08079842931937176 0.06808553971486764