0 0.4488375 0.14472815533980582 0.07827500000000001 0.09048543689320387
0 0.530975 0.1433495145631068 0.07826250000000001 0.08770873786407765
0 0.6119125 0.14727184466019416 0.09013749999999987 0.08724271844660196
3 0.28993749999999996 0.2159320388349515 0.12523749999999992 0.07779611650485437
3 0.5336625 0.21176699029126214 0.09851250000000007 0.06393203883495148
3 0.772625 0.20945631067961165 0.11701249999999988 0.06855339805825245
3 0.7762 0.26538834951456314 0.10987500000000011 0.062097087378640815
7 0.6845375 0.3231747572815534 0.0860499999999999 0.07968932038834955
7 0.619075 0.3693980582524272 0.09555000000000007 0.07045631067961158
7 0.7756000000000001 0.3042233009708738 0.10391250000000013 0.0732038834951456
7 0.7764875000000001 0.3767961165048544 0.09856249999999989 0.07785436893203888
7 0.8547625 0.3728640776699029 0.08846249999999997 0.07184466019417475
5 0.6479375 0.9162330097087379 0.12710000000000007 0.08080582524271847