0 0.4596071428571428 0.1824722222222222 0.07454761904761906 0.08629629629629629
0 0.5378333333333333 0.1811574074074074 0.0745357142857143 0.08364814814814812
0 0.6149166666666667 0.18489814814814814 0.08584523809523804 0.08320370370370371
3 0.3082738095238095 0.2503796296296297 0.11927380952380949 0.07419444444444444
3 0.5403928571428571 0.2464074074074074 0.09382142857142864 0.06097222222222224
3 0.7679761904761905 0.2442037037037037 0.11144047619047608 0.06537962962962965
3 0.7713809523809524 0.2975462962962963 0.10464285714285725 0.05922222222222225
7 0.6840833333333334 0.3526574074074074 0.08195238095238086 0.07600000000000004
7 0.6217380952380952 0.3967407407407408 0.09100000000000007 0.06719444444444439
7 0.7708095238095238 0.33458333333333334 0.09896428571428584 0.06981481481481479
7 0.771654761904762 0.4037962962962963 0.0938690476190475 0.07425000000000005
7 0.8462023809523809 0.4000462962962963 0.08424999999999998 0.06851851851851852
5 0.6492261904761905 0.9182592592592593 0.12104761904761913 0.07706481481481484