0 0.42036486486486485 0.11036764705882353 0.08462162162162162 0.09789915966386553
0 0.5091621621621621 0.10887605042016807 0.08460810810810812 0.09489495798319325
0 0.5966621621621622 0.11311974789915966 0.09744594594594581 0.09439075630252103
3 0.24858108108108107 0.18740546218487397 0.13539189189189182 0.08417016806722688
3 0.5120675675675675 0.18289915966386555 0.10650000000000008 0.06917016806722691
3 0.7704054054054055 0.18039915966386555 0.12649999999999986 0.0741701680672269
3 0.7742702702702703 0.24091386554621852 0.1187837837837839 0.06718487394957987
7 0.6751756756756757 0.30343487394957985 0.09302702702702692 0.08621848739495802
7 0.6044054054054054 0.35344537815126054 0.10329729729729738 0.07622899159663858
7 0.7736216216216216 0.2829306722689076 0.11233783783783799 0.07920168067226889
7 0.7745810810810811 0.3614495798319328 0.10655405405405394 0.08423319327731098
7 0.8592027027027026 0.3571953781512605 0.09563513513513511 0.07773109243697479
5 0.6356081081081082 0.9450840336134454 0.1374054054054055 0.08742647058823531