5 0.05592105263157895 0.9487704918032787 0.1118421052631579 0.0778688524590164
7 0.13471052631578948 0.3532889344262295 0.0680526315789474 0.07483606557377045
7 0.22306578947368416 0.3113319672131148 0.09360526315789487 0.06371926229508203
7 0.37655263157894747 0.35352459016393445 0.07232894736842109 0.06906762295081964
3 0.4210394736842105 0.37255122950819675 0.09615789473684201 0.06613729508196717
3 0.6923026315789473 0.20450819672131149 0.10802631578947386 0.05038934426229503
3 0.4542236842105263 0.1842622950819672 0.0905394736842106 0.07038934426229507
0 0.5469605263157895 0.11010245901639346 0.10746052631578942 0.07403688524590163
0 0.46551315789473685 0.13204918032786886 0.09740789473684207 0.08865778688524588
0 0.37153947368421053 0.13595286885245902 0.09739473684210524 0.09060450819672132
1 0.19267105263157888 0.5959733606557377 0.06790789473684197 0.0563114754098361