5 0.9113307493540052 0.9558752515090543 0.12096899224806186 0.07654929577464781
7 0.8276744186046512 0.3710362173038229 0.06682170542635663 0.07348088531187119
7 0.7409173126614987 0.3298390342052314 0.09191214470284251 0.06256539235412481
7 0.5902067183462532 0.37126760563380284 0.07102067183462536 0.06781690140845067
3 0.5465245478036176 0.38994969818913483 0.0944186046511627 0.06493963782696173
3 0.28016795865633076 0.22494969818913482 0.10607235142118866 0.049476861167001965
3 0.5139405684754522 0.20507042253521127 0.08890180878552979 0.06911468812877263
0 0.4228811369509044 0.13225352112676056 0.10551679586563302 0.07269617706237423
0 0.5028552971576227 0.15380281690140846 0.09564599483204131 0.08705231388329977
0 0.5951291989664083 0.157635814889336 0.09563307493540049 0.08896378269617707
1 0.7707622739018088 0.6093259557344064 0.06667958656330736 0.05529175050301815