5 0.9040119047619047 0.9149444444444444 0.11146428571428557 0.07045370370370363
7 0.8269285714285715 0.3766759259259259 0.0615714285714286 0.0676296296296296
7 0.7469880952380953 0.33875925925925926 0.08469047619047632 0.05758333333333338
7 0.6081190476190476 0.3768888888888889 0.06544047619047616 0.062416666666666634
3 0.5678690476190477 0.39408333333333334 0.08699999999999998 0.05976851851851848
3 0.3224404761904762 0.24222222222222226 0.09773809523809526 0.045537037037037015
3 0.5378452380952381 0.22392592592592592 0.08191666666666673 0.0636111111111111
0 0.45394047619047617 0.1569074074074074 0.09722619047619042 0.0669074074074074
0 0.5276309523809524 0.17674074074074073 0.08813095238095235 0.08012037037037034
0 0.6126547619047619 0.18026851851851852 0.0881190476190476 0.08187962962962964
1 0.7744880952380953 0.5959907407407407 0.06144047619047607 0.05088888888888892