3 0.34267759562841527 0.1707872340425532 0.06734972677595623 0.0727872340425532
3 0.3368169398907104 0.23258510638297872 0.07905737704918034 0.06263829787234042
3 0.6425409836065574 0.18826595744680855 0.08158469945355196 0.07429787234042556
3 0.8018989071038252 0.17712765957446808 0.08025956284153006 0.07025531914893614
7 0.3394262295081967 0.4513936170212766 0.06864754098360656 0.056489361702127684
7 0.30657103825136617 0.5147021276595746 0.0849180327868852 0.06760638297872336
7 0.24185792349726778 0.5856170212765958 0.060860655737704855 0.06353191489361705
7 0.14297814207650272 0.6274042553191489 0.07389344262295079 0.06503191489361713
7 0.08801912568306011 0.6073936170212767 0.06934426229508195 0.04629787234042551
7 0.7872677595628415 0.6091702127659574 0.06269125683060123 0.06504255319148947
1 0.4044672131147541 0.6339893617021277 0.06602459016393449 0.059968085106382865
1 0.45456284153005466 0.6879361702127659 0.06797814207650273 0.07224468085106392
1 0.5000956284153005 0.6522340425531915 0.07058743169398901 0.06768085106382968
1 0.5537568306010929 0.7317553191489362 0.060846994535519075 0.06669148936170219
1 0.5856284153005464 0.8181063829787234 0.05954918032786874 0.04291489361702119
1 0.6074180327868852 0.8887659574468085 0.07450819672131143 0.0626914893617022
1 0.5833333333333334 0.9702127659574468 0.06557377049180328 0.059574468085106386
0 0.4890437158469946 0.12724468085106386 0.10831967213114749 0.10548936170212762
0 0.6418852459016393 0.11001063829787233 0.07248633879781413 0.09104255319148935
0 0.7349043715846996 0.10469148936170213 0.08677595628415298 0.08344680851063829