3 0.40816753926701566 0.20930753564154786 0.06452879581151827 0.06967413441955195
3 0.4025523560209424 0.2684623217922607 0.07574607329842932 0.05995926680244399
3 0.6954712041884817 0.22603869653767825 0.07816753926701574 0.07112016293279026
3 0.8481544502617802 0.21537678207739308 0.0768979057591623 0.06725050916496941
7 0.40505235602094236 0.4779124236252546 0.06577225130890052 0.05407331975560084
7 0.3735732984293194 0.5385132382892057 0.08136125654450257 0.0647148676171079
7 0.31157068062827226 0.6063951120162933 0.05831151832460727 0.06081466395112019
7 0.2168324607329843 0.6463951120162933 0.07079842931937169 0.06225050916496956
7 0.16417539267015707 0.6272403258655805 0.06643979057591622 0.04431771894093685
7 0.8341361256544503 0.6289409368635438 0.06006544502617814 0.06226069246435855
1 0.46736910994764397 0.6526985743380855 0.06325916230366498 0.05740325865580437
1 0.5153664921465969 0.7043380855397149 0.065130890052356 0.06915478615071291
1 0.5589921465968586 0.6701629327902241 0.06763089005235597 0.06478615071283085
1 0.6104057591623037 0.7462830957230143 0.05829842931937168 0.06383910386965383
1 0.6409424083769633 0.8289409368635438 0.05705497382198942 0.04107942973523413
1 0.6618193717277487 0.8965784114052954 0.07138743455497377 0.060010183299389064
1 0.6387434554973822 0.9730142566191446 0.06282722513089005 0.0539714867617108
0 0.5484031413612566 0.16762729124236253 0.10378272251308895 0.10097759674134417
0 0.6948429319371728 0.15113034623217922 0.06945026178010465 0.08714867617107941
0 0.7839659685863875 0.1460386965376782 0.08314136125654448 0.07987780040733197