3 0.41766666666666663 0.2292037037037037 0.05869047619047613 0.06335185185185187
3 0.4125595238095238 0.2829907407407407 0.06889285714285714 0.054518518518518515
3 0.6789761904761905 0.2444166666666667 0.07109523809523813 0.06466666666666669
3 0.8178452380952381 0.23472222222222222 0.06994047619047619 0.06114814814814814
7 0.41483333333333333 0.4734351851851852 0.059821428571428574 0.049166666666666685
7 0.38620238095238096 0.5285370370370371 0.07399999999999997 0.05884259259259255
7 0.32980952380952383 0.5902592592592593 0.05303571428571426 0.05529629629629632
7 0.24364285714285713 0.6266296296296296 0.06439285714285711 0.05660185185185195
7 0.19575 0.609212962962963 0.060428571428571415 0.04029629629629628
7 0.8050952380952381 0.6107592592592592 0.0546309523809525 0.0566111111111112
1 0.47151190476190474 0.6323611111111112 0.057535714285714336 0.05219444444444434
1 0.5151666666666667 0.6793148148148148 0.05923809523809523 0.0628796296296297
1 0.5548452380952381 0.6482407407407408 0.06151190476190471 0.058907407407407304
1 0.6016071428571429 0.7174537037037038 0.05302380952380948 0.058046296296296346
1 0.6293809523809524 0.792611111111111 0.051892857142857116 0.037351851851851775
1 0.6483690476190476 0.8541111111111112 0.06492857142857139 0.05456481481481487
1 0.6279642857142858 0.9369907407407407 0.05813095238095236 0.07399074074074072
0 0.5452142857142858 0.19130555555555556 0.0943928571428571 0.09181481481481478
0 0.678404761904762 0.17630555555555555 0.06316666666666661 0.07924074074074072
0 0.7594642857142858 0.17167592592592593 0.0756190476190476 0.07262962962962963