7 0.63748 0.36143153526970956 0.06892000000000008 0.06301867219917012
7 0.5692266666666667 0.3584854771784232 0.057440000000000054 0.07328838174273856
7 0.5686 0.31747925311203323 0.07334666666666666 0.058101659751037336
7 0.2683066666666667 0.31451244813278006 0.06438666666666662 0.058101659751037336
7 0.25974666666666657 0.36391078838174273 0.07010666666666657 0.0561099585062241
3 0.40481333333333336 0.23376556016597513 0.08854666666666677 0.07146265560165974
3 0.7142933333333333 0.21845435684647307 0.08289333333333343 0.05863070539419085
3 0.7149333333333334 0.2658713692946058 0.08162666666666671 0.07046680497925306
3 0.2683066666666667 0.22784232365145227 0.07201333333333332 0.05368257261410788
0 0.32545333333333337 0.15054979253112033 0.07202666666666664 0.06802904564315351
0 0.4136933333333333 0.15227178423236515 0.0936266666666667 0.07445020746887965
0 0.5603466666666667 0.1520228215767635 0.11270666666666664 0.08877593360995849