7 0.32652 0.3811410788381743 0.06892000000000008 0.06301867219917012
7 0.3947733333333333 0.37819502074688793 0.057440000000000054 0.07328838174273856
7 0.39540000000000003 0.33718879668049795 0.07334666666666666 0.058101659751037336
7 0.6956933333333333 0.33422199170124484 0.06438666666666662 0.058101659751037336
7 0.7042533333333334 0.38362033195020745 0.07010666666666657 0.0561099585062241
3 0.5591866666666666 0.2534751037344399 0.08854666666666677 0.07146265560165974
3 0.24970666666666666 0.2381639004149378 0.08289333333333336 0.05863070539419085
3 0.2490666666666667 0.2855809128630705 0.08162666666666671 0.07046680497925306
3 0.6956933333333333 0.247551867219917 0.07201333333333332 0.05368257261410788
0 0.6385466666666666 0.17025933609958505 0.07202666666666664 0.06802904564315351
0 0.5503066666666667 0.17198132780082986 0.0936266666666667 0.07445020746887965
0 0.40365333333333336 0.17173236514522822 0.11270666666666664 0.08877593360995849