7 0.3629642857142857 0.3605740740740741 0.06153571428571435 0.05625
7 0.4239047619047619 0.35794444444444445 0.05128571428571434 0.06541666666666665
7 0.42446428571428574 0.3213425925925926 0.06548809523809523 0.0518611111111111
7 0.6925833333333333 0.31869444444444445 0.05748809523809519 0.0518611111111111
7 0.7002261904761905 0.362787037037037 0.06259523809523801 0.05008333333333336
3 0.5707023809523809 0.24662037037037038 0.07905952380952384 0.06378703703703703
3 0.2943809523809524 0.23295370370370375 0.07401190476190478 0.05233333333333334
3 0.2938095238095238 0.2752777777777778 0.07288095238095241 0.0628981481481481
3 0.6925833333333333 0.24133333333333332 0.06429761904761903 0.04791666666666667
0 0.6415595238095237 0.17234259259259258 0.06430952380952379 0.060722222222222205
0 0.5627738095238095 0.17387962962962963 0.08359523809523813 0.06645370370370368
0 0.43183333333333335 0.17365740740740743 0.10063095238095235 0.07924074074074072