5 0.605857142857143 0.9239907407407407 0.09553571428571435 0.07618518518518516
7 0.48569047619047623 0.3658796296296296 0.07736904761904763 0.06012962962962968
7 0.2158809523809524 0.3619074074074074 0.0659761904761905 0.06277777777777774
7 0.1387857142857143 0.37337037037037035 0.056892857142857134 0.06630555555555556
7 0.219 0.31099074074074073 0.08354761904761905 0.056148148148148135
7 0.4851190476190476 0.3142962962962963 0.08530952380952377 0.06275925925925924
3 0.4896547619047619 0.23450925925925928 0.08303571428571428 0.0636111111111111
3 0.33830952380952384 0.23252777777777778 0.07280952380952377 0.05964814814814814
3 0.07814285714285714 0.22833333333333336 0.0693452380952381 0.04421296296296299
3 0.07927380952380952 0.28057407407407403 0.09428571428571428 0.05349074074074072
0 0.19859523809523807 0.17367592592592593 0.10395238095238095 0.08474999999999998
0 0.3414285714285714 0.17235185185185184 0.08357142857142859 0.06094444444444444
0 0.42503571428571424 0.1675 0.08983333333333338 0.06006481481481482