5 0.4452908587257618 0.9849137931034483 0.11218836565096953 0.03017241379310345
7 0.5845152354570637 0.3654633620689655 0.09001385041551248 0.06997844827586212
7 0.8984210526315789 0.36084051724137933 0.0767590027700832 0.07306034482758615
7 0.9778393351800554 0.3739224137931034 0.0443213296398892 0.07758620689655173
7 0.8947922437673129 0.30158405172413794 0.09720221606648208 0.06534482758620688
7 0.5851800554016621 0.3054310344827586 0.09925207756232683 0.07303879310344824
3 0.5799030470914127 0.21257543103448276 0.09660664819944598 0.07403017241379309
3 0.7559833795013849 0.21026939655172414 0.08470914127423802 0.06941810344827581
0 0.9185318559556788 0.1417780172413793 0.12094182825484756 0.09863146551724135
0 0.7523545706371192 0.14023706896551721 0.09722991689750698 0.07092672413793102
0 0.6550831024930748 0.13459051724137933 0.10451523545706376 0.06990301724137932