5 0.374 0.9714730290456431 0.108 0.05705394190871369
7 0.5080266666666666 0.36115145228215767 0.08665333333333335 0.06736514522821582
7 0.8102133333333333 0.35670124481327803 0.07389333333333344 0.07033195020746884
7 0.8965599999999999 0.3695435684647303 0.06371999999999996 0.07428423236514524
7 0.80672 0.29965767634854773 0.09357333333333342 0.06290456431535268
7 0.5086666666666667 0.30336099585062243 0.09554666666666663 0.07031120331950205
3 0.5035866666666666 0.21397302904564316 0.093 0.07126556016597509
3 0.6730933333333333 0.21175311203319502 0.08154666666666663 0.06682572614107879
3 0.9633333333333334 0.20643153526970953 0.07333333333333333 0.04979253112033195
3 0.9553333333333334 0.2650414937759336 0.08933333333333333 0.05912863070539419
0 0.8295733333333334 0.1458195020746888 0.11642666666666658 0.09494813278008296
0 0.6695999999999999 0.14433609958506222 0.09360000000000006 0.06827800829875517
0 0.57596 0.13890041493775934 0.10061333333333339 0.06729253112033196