7 0.6227234636871508 0.5615401301518438 0.09673184357541899 0.06636659436008682
7 0.660963687150838 0.4850976138828633 0.07817039106145256 0.07824295010845998
7 0.5153351955307263 0.4208026030368764 0.0661731843575419 0.07671366594360089
7 0.46811452513966484 0.3916268980477223 0.0728072625698324 0.0710412147505423
7 0.4548184357541899 0.3090130151843818 0.07547486033519547 0.07313449023861165
3 0.45548882681564246 0.20805856832971797 0.09807262569832406 0.07885032537960959
3 0.3607262569832402 0.2785466377440347 0.09206703910614536 0.08037960954446856
3 0.4069413407821229 0.37355748373101955 0.08343575418994414 0.07827548806941427
3 0.39629888268156427 0.4835466377440347 0.07279329608938533 0.07514099783080257
3 0.3590642458100559 0.5524837310195228 0.08342178770949724 0.07356832971800426
5 0.09497206703910614 0.9799349240780911 0.10893854748603352 0.04013015184381779