7 0.37802798982188296 0.5540909090909091 0.08811704834605597 0.06046442687747041
7 0.3431933842239186 0.48444664031620555 0.07120865139949113 0.07128458498023725
7 0.475852417302799 0.42586956521739133 0.06027989821882951 0.0698913043478261
7 0.5188676844783715 0.3992885375494071 0.06632315521628498 0.06472332015810277
7 0.5309796437659033 0.3240217391304348 0.06875318066157757 0.06663043478260865
3 0.5303689567430026 0.23204545454545453 0.08933842239185755 0.07183794466403166
3 0.6166921119592875 0.2962648221343873 0.08386768447837159 0.0732312252964427
3 0.5745928753180661 0.38282608695652176 0.07600508905852418 0.07131422924901182
3 0.5842875318066157 0.4830335968379447 0.06631043256997442 0.06845849802371538
3 0.6182061068702289 0.5458399209486166 0.07599236641221377 0.06702569169960468
5 0.8587786259541985 0.958498023715415 0.09923664122137404 0.08300395256916997