7 0.39301190476190473 0.5395740740740741 0.08245238095238094 0.056657407407407455
7 0.36041666666666666 0.4743148148148148 0.06663095238095242 0.06679629629629634
7 0.484547619047619 0.4194259259259259 0.0564047619047619 0.06549074074074075
7 0.524797619047619 0.3945185185185185 0.06205952380952381 0.060648148148148145
7 0.5361309523809524 0.32399074074074075 0.06433333333333328 0.06243518518518514
3 0.5355595238095238 0.23780555555555555 0.08359523809523813 0.06731481481481483
3 0.6163333333333334 0.29798148148148146 0.07847619047619049 0.06862037037037039
3 0.5769404761904762 0.3790925925925926 0.07111904761904762 0.06682407407407404
3 0.5860119047619048 0.47299074074074077 0.06204761904761898 0.06414814814814818
3 0.6177499999999999 0.5318425925925926 0.07110714285714288 0.06280555555555549
5 0.8433571428571428 0.9204444444444444 0.09373809523809525 0.08074999999999993