5 0.265625 0.9867864693446089 0.11277173913043478 0.026427061310782242
7 0.7601630434782609 0.40593023255813954 0.07790760869565237 0.068646934460888
7 0.8391032608695653 0.4021353065539112 0.08254076086956522 0.07176532769556024
7 0.7688994565217391 0.3505496828752643 0.10258152173913043 0.06826638477801272
7 0.4541711956521739 0.3399788583509514 0.08376358695652186 0.06525369978858353
7 0.4673913043478261 0.02959830866807611 0.08152173913043478 0.05919661733615222
7 0.613641304347826 0.03599365750528541 0.07926630434782612 0.06736786469344608
7 0.610733695652174 0.10897463002114165 0.05792119565217391 0.056268498942917564
7 0.47616847826086955 0.10997885835095139 0.10187500000000002 0.05827695560253699
7 0.5259782608695652 0.16282241014799154 0.07989130434782603 0.06127906976744183
7 0.5476494565217391 0.17767441860465116 0.0637228260869565 0.05775898520084565
3 0.9141440217391303 0.25694503171247357 0.10326086956521739 0.05621564482029593
3 0.9225407608695653 0.30149048625792807 0.08434782608695643 0.057040169133192424
3 0.6055434782608696 0.25367864693446085 0.10252717391304353 0.08016913319238898
3 0.45610054347826084 0.2519238900634249 0.07538043478260872 0.07464059196617337
0 0.7556385869565218 0.18748414376321354 0.12523097826086935 0.08040169133192389
0 0.6052309782608696 0.18068710359408036 0.08055706521739125 0.07586680761099364
0 0.5324592391304348 0.18044397463002113 0.09800271739130434 0.07234672304439746