5 0.22288359788359788 0.9537037037037037 0.10978835978835978 0.09259259259259259
7 0.7043386243386244 0.35494855967078187 0.07584656084656104 0.06681069958847742
7 0.7811904761904762 0.35125514403292185 0.08035714285714286 0.06984567901234566
7 0.7128439153439153 0.30104938271604936 0.09986772486772487 0.06644032921810704
7 0.40644179894179894 0.290761316872428 0.08154761904761917 0.06350823045267491
7 0.4193121693121693 0.00874485596707819 0.07936507936507936 0.01748971193415638
7 0.5621693121693122 0.013374485596707819 0.07671957671957672 0.026748971193415638
7 0.5588624338624338 0.06593621399176955 0.056388888888888884 0.054763374485596726
7 0.4278571428571428 0.0669135802469136 0.0991798941798942 0.05671810699588477
7 0.47634920634920636 0.11834362139917695 0.07777777777777772 0.05963991769547322
7 0.4974470899470899 0.13279835390946504 0.06203703703703701 0.05621399176954731
3 0.8542460317460316 0.20994855967078188 0.10052910052910052 0.05471193415637855
3 0.8624206349206349 0.25330246913580245 0.08211640211640202 0.05551440329218111
3 0.5538095238095239 0.20676954732510286 0.09981481481481486 0.07802469135802466
3 0.4083201058201058 0.20506172839506173 0.07338624338624342 0.07264403292181071
0 0.6999338624338624 0.14234567901234568 0.12191798941798922 0.07825102880658437
0 0.553505291005291 0.13573045267489714 0.07842592592592587 0.07383744855967077
0 0.4826587301587301 0.13549382716049382 0.0954100529100529 0.07041152263374485