5 0.7402023809523809 0.9142870370370368 0.09896428571428584 0.09558333333333324
7 0.30657142857142855 0.3685277777777778 0.0682619047619048 0.06012962962962968
7 0.2374047619047619 0.3652037037037037 0.07232142857142858 0.0628611111111111
7 0.2989166666666667 0.32001851851851854 0.08988095238095241 0.059796296296296333
7 0.5746785714285715 0.3107592592592593 0.07339285714285719 0.05715740740740743
7 0.5633452380952381 0.03347222222222222 0.07111904761904762 0.06341666666666666
7 0.434952380952381 0.04449074074074074 0.06945238095238099 0.05900925925925925
7 0.4375 0.10841666666666668 0.050749999999999997 0.04928703703703704
7 0.555404761904762 0.10929629629629632 0.08926190476190478 0.051046296296296305
7 0.5117619047619048 0.15558333333333332 0.06999999999999995 0.0536759259259259
7 0.49277380952380956 0.1685925925925926 0.055833333333333304 0.05059259259259258
3 0.1716547619047619 0.23802777777777778 0.09047619047619047 0.049240740740740724
3 0.16429761904761903 0.2770462962962963 0.07390476190476189 0.049962962962962994
3 0.442047619047619 0.23516666666666666 0.08983333333333338 0.0702222222222222
3 0.5729880952380952 0.23362962962962963 0.06604761904761906 0.06537962962962965
0 0.3105357142857143 0.1771851851851852 0.10972619047619046 0.07042592592592593
0 0.4423214285714286 0.17123148148148148 0.07058333333333329 0.06645370370370368
0 0.5060833333333333 0.17101851851851851 0.08586904761904761 0.06337037037037037