1 0.40084337349397586 0.7025 0.06799999999999994 0.045627340823970054
1 0.4906144578313253 0.8395786516853933 0.06510843373493971 0.05494382022471916
1 0.6099397590361446 0.8266573033707865 0.06279518072289143 0.04514044943820228
0 0.405144578313253 0.5756647940074906 0.08004819277108441 0.07821161048689136
0 0.4461686746987952 0.48028089887640457 0.07542168674698797 0.0804588014981274
0 0.4610843373493976 0.4089513108614232 0.08002409638554212 0.07330524344569285
0 0.44960240963855425 0.3101966292134832 0.0760240963855422 0.07428838951310865
3 0.5611807228915663 0.46891385767790267 0.0760240963855422 0.07377340823970034
3 0.5336385542168675 0.3634737827715356 0.054783132530120515 0.055102996254681666
3 0.5448313253012048 0.22950374531835208 0.06681927710843377 0.057378277153558026
3 0.5416746987951807 0.2747565543071161 0.0639518072289157 0.054241573033707816
3 0.6228433734939759 0.2319569288389513 0.06450602409638549 0.05960674157303373
3 0.6136626506024097 0.277874531835206 0.05303614457831323 0.0444288389513109
7 0.5413855421686747 0.3188951310861423 0.07371084337349391 0.051554307116104925
7 0.6151084337349397 0.31422284644194753 0.07832530120481927 0.0674719101123596