1 0.4032142857142857 0.7002499999999999 0.06719047619047612 0.04512037037037039
1 0.49191666666666667 0.8358055555555555 0.06433333333333328 0.05433333333333339
1 0.6098214285714286 0.8230277777777778 0.06204761904761898 0.04463888888888892
0 0.40746428571428567 0.574824074074074 0.07909523809523816 0.07734259259259257
0 0.448 0.48050000000000004 0.07452380952380955 0.07956481481481488
0 0.4627380952380952 0.409962962962963 0.07907142857142853 0.0724907407407407
0 0.45139285714285715 0.31230555555555556 0.07511904761904764 0.073462962962963
3 0.5616428571428571 0.4692592592592593 0.07511904761904764 0.07295370370370373
3 0.5344285714285715 0.3649907407407407 0.05413095238095241 0.05449074074074076
3 0.5454880952380952 0.23250925925925928 0.06602380952380957 0.05674074074074072
3 0.5423690476190476 0.27725925925925926 0.06319047619047624 0.05363888888888884
3 0.6225714285714287 0.23493518518518516 0.06373809523809519 0.058944444444444466
3 0.6135 0.2803425925925926 0.052404761904761885 0.04393518518518523
7 0.5420833333333334 0.3209074074074074 0.07283333333333328 0.05098148148148154
7 0.6149285714285714 0.31628703703703703 0.07739285714285714 0.06672222222222228