1 0.3685089974293059 0.72927 0.07254498714652949 0.048730000000000016
1 0.46428020565552697 0.87567 0.0694601542416452 0.058680000000000065
1 0.5915809768637532 0.86187 0.06699228791773765 0.04821000000000004
0 0.3730976863753213 0.59381 0.08539845758354762 0.08352999999999998
0 0.4168637532133676 0.49194000000000004 0.08046272493573267 0.08593000000000006
0 0.43277634961439587 0.41576 0.08537275064267347 0.07828999999999996
0 0.42052699228791773 0.31029 0.08110539845758358 0.07934000000000004
3 0.5395629820051413 0.47980000000000006 0.08110539845758358 0.07878999999999996
3 0.5101799485861183 0.36719 0.05844473007712086 0.05885000000000002
3 0.5221208226221079 0.22411 0.07128534704370185 0.06127999999999997
3 0.5187532133676093 0.27244 0.06822622107969156 0.05792999999999995
3 0.6053470437017995 0.22673 0.0688174807197943 0.06366000000000002
3 0.5955526992287918 0.27576999999999996 0.05658097686375319 0.04745000000000005
7 0.5184447300771209 0.31958 0.07863753213367602 0.05506000000000006
7 0.5970951156812339 0.31459 0.08356041131105398 0.07206000000000005