7 0.5194166666666666 0.32443518518518516 0.08134523809523814 0.058351851851851835
7 0.4360952380952381 0.3253240740740741 0.07111904761904762 0.07775000000000003
3 0.3706190476190476 0.2755 0.05983333333333332 0.05539814814814819
3 0.4326904761904762 0.27571296296296294 0.06491666666666664 0.058490740740740704
3 0.49957142857142856 0.2774814814814815 0.055833333333333304 0.051435185185185146
3 0.3666547619047619 0.23537962962962966 0.05869047619047613 0.054537037037037016
3 0.43694047619047616 0.236037037037037 0.06321428571428574 0.04791666666666667
3 0.5066547619047619 0.2391296296296296 0.0666071428571429 0.04880555555555559
0 0.37316666666666665 0.17828703703703705 0.0683333333333333 0.05939814814814813
0 0.4326785714285714 0.17828703703703705 0.07852380952380957 0.06998148148148146
0 0.49985714285714283 0.17696296296296296 0.0666071428571429 0.06204629629629629
0 0.5715595238095238 0.17696296296296296 0.05695238095238099 0.06204629629629629