7 0.5796584699453552 0.22594680851063828 0.09334699453551919 0.06704255319148934
7 0.4840437158469945 0.226968085106383 0.0816120218579235 0.08932978723404258
3 0.4089071038251366 0.16972340425531918 0.06866120218579233 0.0636489361702128
3 0.4801366120218579 0.16996808510638295 0.07449453551912565 0.06720212765957442
3 0.5568852459016393 0.17200000000000001 0.06407103825136609 0.05909574468085101
3 0.4043579234972678 0.12362765957446813 0.06734972677595623 0.06265957446808508
3 0.48501366120218575 0.12438297872340422 0.0725409836065574 0.055053191489361705
3 0.5650136612021858 0.12793617021276596 0.07643442622950826 0.056074468085106424
0 0.41183060109289615 0.05803191489361703 0.07841530054644806 0.0682446808510638
0 0.4801229508196721 0.05803191489361703 0.09010928961748639 0.08040425531914892
0 0.5572131147540984 0.05651063829787235 0.07643442622950826 0.07128723404255319
0 0.6394945355191257 0.05651063829787235 0.06535519125683065 0.07128723404255319