0 0.7904947916666667 0.1799493927125506 0.08406249999999993 0.07264170040485828
0 0.7185807291666667 0.18067813765182186 0.09397135416666647 0.0711943319838057
0 0.6370572916666667 0.18549595141700406 0.08217447916666683 0.06927125506072875
0 0.5697786458333333 0.18308704453441293 0.07906250000000004 0.07601214574898787
7 0.6280598958333333 0.34549595141700407 0.07468750000000002 0.06764170040485834
7 0.7070963541666666 0.3467004048582996 0.06536458333333339 0.06233805668016198
3 0.7917317708333332 0.29682186234817814 0.05976562500000012 0.04931174089068829
3 0.7904817708333334 0.24814777327935222 0.07960937500000013 0.054119433198380536
3 0.7151692708333334 0.24982793522267205 0.06730468750000007 0.05623481781376524
3 0.7080338541666666 0.29295546558704455 0.07785156249999996 0.052854251012145775
3 0.6441796875 0.24982793522267205 0.06419270833333328 0.05623481781376524
3 0.64015625 0.2919939271255061 0.0610937499999998 0.050921052631578895