0 0.2498809523809524 0.17387962962962963 0.07685714285714286 0.06645370370370368
0 0.3156309523809524 0.17454629629629628 0.08591666666666666 0.06512962962962966
0 0.39016666666666666 0.17895370370370373 0.0751309523809524 0.06337037037037037
0 0.4516785714285715 0.17675 0.07228571428571431 0.06953703703703706
7 0.3983928571428571 0.3253240740740741 0.0682857142857143 0.061879629629629666
7 0.32613095238095235 0.32642592592592595 0.05976190476190478 0.05702777777777781
3 0.24875 0.28079629629629627 0.05464285714285712 0.045111111111111137
3 0.24989285714285714 0.23626851851851852 0.07278571428571427 0.04950925925925923
3 0.31875 0.23780555555555555 0.06153571428571432 0.05144444444444447
3 0.3252738095238095 0.27725925925925926 0.07117857142857142 0.048351851851851875
3 0.3836547619047619 0.23780555555555555 0.05869047619047613 0.05144444444444447
3 0.38733333333333336 0.27637962962962964 0.05585714285714281 0.04658333333333328