0 0.761318407960199 0.15840425531914892 0.0802985074626865 0.06941005802707928
0 0.6926243781094528 0.15910058027079302 0.08976368159203961 0.06802707930367508
0 0.6147512437810945 0.16370406189555126 0.07849502487562204 0.06618955512572533
0 0.5504850746268657 0.16140232108317212 0.07552238805970153 0.07263056092843329
7 0.6061567164179105 0.3165860735009671 0.07134328358208943 0.0646324951644101
7 0.6816542288557214 0.3177369439071567 0.06243781094527369 0.05956479690522247
3 0.7625 0.27007736943907157 0.05708955223880608 0.047117988394584163
3 0.7613059701492537 0.223568665377176 0.0760447761194031 0.05171179883945839
3 0.6893656716417911 0.22517408123791102 0.06429104477611947 0.05373307543520315
3 0.682549751243781 0.2663829787234043 0.074365671641791 0.05050290135396521
3 0.6215547263681592 0.22517408123791102 0.061318407960198947 0.05373307543520315
3 0.6177114427860696 0.26546421663442943 0.05835820895522369 0.048655705996131476