3 0.24308641975308642 0.23856730769230772 0.06912345679012347 0.06028846153846158
3 0.2424938271604938 0.28320192307692305 0.075 0.05890384615384615
3 0.3106913580246914 0.23674038461538463 0.0632345679012346 0.04564423076923074
3 0.30950617283950616 0.28114423076923073 0.0679259259259259 0.05203846153846154
3 0.38475308641975303 0.2399423076923077 0.07027160493827156 0.057548076923076945
3 0.3779876543209877 0.28114423076923073 0.06027160493827167 0.05203846153846154
7 0.31450617283950616 0.32372115384615385 0.060283950617284005 0.04927884615384615
7 0.3835802469135802 0.32922115384615386 0.07316049382716049 0.06059615384615383
0 0.24544444444444444 0.16785576923076923 0.09546913580246918 0.07290384615384615
0 0.31480246913580245 0.16967307692307693 0.07145679012345678 0.07359615384615387
0 0.3888641975308642 0.17814423076923078 0.06438271604938268 0.07129807692307695
0 0.4579382716049383 0.1776826923076923 0.06496296296296297 0.07038461538461538
5 0.3283333333333333 0.9454230769230769 0.10607407407407403 0.08095192307692313