3 0.2617857142857143 0.2371388888888889 0.06665476190476191 0.05805555555555557
3 0.2612142857142857 0.28012037037037035 0.07232142857142858 0.056722222222222216
3 0.32697619047619053 0.23537962962962963 0.06097619047619051 0.043953703703703675
3 0.3258333333333333 0.2781388888888889 0.06549999999999997 0.05011111111111111
3 0.3983928571428571 0.238462962962963 0.06776190476190472 0.05541666666666669
3 0.3918690476190476 0.2781388888888889 0.05811904761904768 0.05011111111111111
7 0.3306547619047619 0.3191388888888889 0.058130952380952394 0.047453703703703706
7 0.39726190476190476 0.32443518518518516 0.07054761904761904 0.058351851851851835
0 0.2640595238095238 0.16904629629629628 0.09205952380952383 0.0702037037037037
0 0.3309404761904762 0.1707962962962963 0.0689047619047619 0.07087037037037039
0 0.40235714285714286 0.17895370370370373 0.0620833333333333 0.06865740740740744
0 0.4689642857142857 0.17850925925925926 0.06264285714285715 0.06777777777777777
5 0.3439880952380952 0.9178148148148149 0.10228571428571427 0.07795370370370376