3 0.23945312500000002 0.16812753036437247 0.07290364583333335 0.06346153846153851
3 0.23882812499999997 0.21511133603238863 0.0791015625 0.06200404858299594
3 0.31075520833333337 0.16620445344129556 0.06669270833333336 0.04804655870445341
3 0.30950520833333334 0.21294534412955465 0.07164062499999997 0.05477732793522268
3 0.3888671875 0.16957489878542512 0.07411458333333328 0.0605769230769231
3 0.3817317708333334 0.21294534412955465 0.0635677083333334 0.05477732793522268
7 0.3147786458333333 0.25776315789473686 0.06358072916666672 0.05187246963562753
7 0.38763020833333334 0.26355263157894737 0.07716145833333332 0.06378542510121456
0 0.24194010416666667 0.09369433198380567 0.10069010416666672 0.07674089068825911
0 0.31509114583333336 0.09560728744939272 0.07536458333333333 0.07746963562753038
0 0.39320312500000004 0.10452429149797572 0.0679036458333333 0.07505060728744943
0 0.4660546875 0.10403846153846152 0.06851562500000001 0.07408906882591092
5 0.32936197916666665 0.9121862348178138 0.11187499999999995 0.08521255060728751