5 0.2880440097799511 0.9488498098859316 0.11666259168704164 0.07007604562737624
7 0.4408312958435208 0.3324429657794677 0.0730440097799511 0.05900190114068446
7 0.507481662591687 0.33018060836501906 0.06898533007334957 0.06352661596958178
3 0.3631173594132029 0.2815114068441064 0.08937652811735942 0.05370722433460076
3 0.43646699266503663 0.27631178707224335 0.06141809290953546 0.05144486692015209
3 0.5028239608801957 0.2837832699619772 0.06838630806845959 0.04736692015209129
3 0.3637041564792176 0.24010456273764255 0.06958435207823956 0.05507604562737637
3 0.42947432762836185 0.23761406844106464 0.08237163814180928 0.052813688212927756
3 0.5013691931540343 0.24236692015209127 0.06199266503667486 0.04330798479087447
0 0.3671882640586797 0.17447718631178707 0.08355745721271396 0.08134980988593155
0 0.43704156479217604 0.17673954372623574 0.07655256723716382 0.06958174904942965
0 0.508643031784841 0.1790019011406844 0.06606356968215155 0.0686787072243346
0 0.5697555012224939 0.1785551330798479 0.08350855745721279 0.0786311787072243