5 0.3043095238095238 0.9279537037037038 0.11360714285714293 0.06825925925925908
7 0.4530952380952381 0.3275277777777778 0.07113095238095238 0.05747222222222227
7 0.518 0.3253240740740741 0.06717857142857137 0.061879629629629666
3 0.3774166666666666 0.27791666666666665 0.0870357142857143 0.052314814814814814
3 0.4488452380952381 0.27285185185185185 0.05980952380952382 0.05011111111111111
3 0.5134642857142857 0.2801296296296297 0.06659523809523803 0.046138888888888924
3 0.37798809523809523 0.2375833333333333 0.06776190476190472 0.05364814814814809
3 0.4420357142857143 0.2351574074074074 0.08021428571428571 0.051444444444444445
3 0.5120476190476191 0.23978703703703705 0.06036904761904766 0.04218518518518514
0 0.3813809523809524 0.17365740740740743 0.08136904761904765 0.07924074074074072
0 0.4494047619047619 0.1758611111111111 0.07454761904761906 0.06777777777777777
0 0.5191309523809524 0.17806481481481481 0.06433333333333328 0.06689814814814815
0 0.5786428571428571 0.17762962962962964 0.08132142857142864 0.07659259259259256