0 0.4939047619047619 0.1793888888888889 0.07170238095238098 0.06953703703703706
0 0.5565357142857142 0.1758611111111111 0.07113095238095238 0.06777777777777777
0 0.6302261904761904 0.16550925925925927 0.062035714285714236 0.06557407407407406
0 0.6982499999999999 0.1793888888888889 0.06202380952380942 0.06953703703703706
7 0.6370357142857143 0.3312685185185185 0.046797619047618984 0.06320370370370369
3 0.38479761904761905 0.6301666666666667 0.06827380952380956 0.06330555555555567
3 0.33434523809523814 0.6898981481481482 0.08073809523809519 0.07875925925925921
3 0.2734166666666667 0.7414814814814814 0.0971666666666667 0.06554629629629627
3 0.20057142857142857 0.792611111111111 0.0693690476190476 0.05850925925925931
3 0.6200357142857144 0.631712962962963 0.060392857142857165 0.08931481481481485
3 0.6670714285714286 0.6852685185185186 0.06153571428571435 0.048333333333333374
3 0.7450238095238095 0.7436851851851851 0.07913095238095241 0.07172222222222226
3 0.8218214285714286 0.7976851851851852 0.05816666666666655 0.051018518518518435
3 0.6299523809523809 0.2768240740740741 0.050761904761904814 0.0477592592592593
3 0.6307976190476191 0.23274074074074075 0.052464285714285706 0.035398148148148165
3 0.5582380952380953 0.24155555555555555 0.06091666666666662 0.05629629629629628
3 0.5664523809523809 0.27946296296296297 0.060357142857142915 0.06333333333333331
3 0.49191666666666667 0.23978703703703705 0.06433333333333328 0.05276851851851853
5 0.5763809523809524 0.9164907407407407 0.10005952380952382 0.07530555555555549