0 0.5223703703703704 0.1699423076923077 0.07435802469135805 0.07221153846153848
0 0.45741975308641974 0.16627884615384617 0.07376543209876543 0.07038461538461538
0 0.381 0.15552884615384616 0.06433333333333321 0.06809615384615383
0 0.31045679012345684 0.1699423076923077 0.06432098765432087 0.07221153846153848
7 0.37393827160493825 0.32766346153846154 0.0485308641975308 0.06563461538461537
3 0.6355185185185185 0.6380576923076924 0.07080246913580236 0.06574038461538473
3 0.6878395061728395 0.7000865384615385 0.08372839506172831 0.08178846153846149
3 0.7510246913580246 0.7536538461538461 0.1007654320987653 0.06806730769230766
3 0.8265679012345679 0.80675 0.07193827160493825 0.06075961538461544
3 0.39156790123456786 0.6396634615384615 0.06262962962962965 0.09275000000000004
3 0.3427901234567901 0.6952788461538462 0.06381481481481488 0.05019230769230774
3 0.2619506172839506 0.7559423076923076 0.08206172839506176 0.07448076923076927
3 0.1823086419753086 0.8120192307692308 0.06032098765432086 0.052980769230769144
3 0.381283950617284 0.271125 0.0526419753086421 0.04959615384615389
3 0.3804074074074074 0.22534615384615386 0.05440740740740733 0.036759615384615404
3 0.4556543209876543 0.2345 0.06317283950617279 0.05846153846153842
3 0.4471358024691358 0.2738653846153846 0.06259259259259264 0.06576923076923075
3 0.5244320987654322 0.23266346153846157 0.06671604938271601 0.05479807692307693
5 0.4368395061728394 0.9353942307692307 0.10376543209876538 0.078201923076923