0 0.4720707070707071 0.1500392927308448 0.07604797979797982 0.07377210216110022
0 0.5384974747474748 0.1462966601178782 0.07544191919191919 0.07190569744597249
0 0.6166540404040404 0.13531434184675836 0.06579545454545442 0.06956777996070726
0 0.688800505050505 0.1500392927308448 0.06578282828282817 0.07377210216110022
7 0.6238762626262626 0.3111689587426326 0.049633838383838315 0.06705304518664046
3 0.3563510101010101 0.6282711198428291 0.07241161616161619 0.06716110019646378
3 0.3028409090909091 0.6916404715127702 0.08563131313131304 0.08355599214145377
3 0.238219696969697 0.7463654223968565 0.10305555555555557 0.06953831041257363
3 0.16095959595959594 0.8006090373280943 0.0735732323232323 0.06207269155206292
3 0.6058459595959597 0.6299115913555993 0.06405303030303032 0.09475442043222007
3 0.6557323232323232 0.6867288801571709 0.06526515151515158 0.05127701375245584
3 0.738409090909091 0.7487033398821218 0.08392676767676771 0.07609037328094306
3 0.8198611111111112 0.805992141453831 0.06169191919191907 0.05412573673870325
3 0.6163636363636363 0.25340864440078587 0.05383838383838396 0.050667976424361535
3 0.617260101010101 0.20664047151277015 0.055643939393939315 0.03755402750491161
3 0.5403030303030303 0.21599214145383103 0.06460858585858581 0.0597249508840864
3 0.5490151515151515 0.2562082514734774 0.06401515151515157 0.06719056974459722
3 0.46996212121212116 0.21411591355599216 0.06823232323232319 0.05598231827111985
5 0.5595454545454547 0.932033398821218 0.10612373737373731 0.07989194499017675