5 0.7509642857142856 0.9235462962962963 0.08422619047619048 0.08764814814814822
3 0.3723214285714286 0.5957777777777779 0.07280952380952377 0.05800000000000009
3 0.4080357142857143 0.5373703703703704 0.07621428571428569 0.06636111111111118
3 0.49021428571428566 0.48312962962962963 0.0881428571428571 0.05268518518518522
3 0.5545595238095238 0.4293518518518518 0.06376190476190484 0.07738888888888892
3 0.6001785714285715 0.5411018518518519 0.0699880952380952 0.06015740740740743
3 0.6631071428571429 0.6023796296296297 0.07336904761904775 0.061018518518518604
3 0.647797619047619 0.23978703703703705 0.06316666666666661 0.06335185185185184
3 0.6472261904761905 0.28144444444444444 0.05523809523809534 0.05937037037037037
3 0.7214880952380952 0.2415462962962963 0.07448809523809516 0.06158333333333332
3 0.72375 0.2783611111111111 0.05182142857142854 0.058490740740740704
7 0.7217738095238094 0.3250925925925926 0.058047619047619035 0.056703703703703714
0 0.5860119047619048 0.17850925925925926 0.06885714285714283 0.06777777777777777
0 0.6506428571428571 0.16794444444444445 0.0740000000000001 0.07505555555555556
0 0.728297619047619 0.17984259259259258 0.0615476190476191 0.06712037037037037
0 0.7980119047619048 0.18204629629629632 0.07176190476190474 0.07858333333333334
1 0.7138452380952381 0.7150277777777778 0.05304761904761898 0.07082407407407408
1 0.48484523809523805 0.7229629629629629 0.055261904761904714 0.039092592592592616
1 0.5792142857142858 0.8578611111111111 0.06038095238095241 0.07616666666666666
1 0.5282023809523809 0.9215555555555556 0.06036904761904766 0.05194444444444436