5 0.8418421052631578 0.9250323275862068 0.09799168975069251 0.10200431034482768
3 0.40131578947368424 0.5435775862068966 0.08470914127423819 0.0675000000000001
3 0.44286703601108035 0.4756034482758621 0.0886703601108033 0.07723060344827594
3 0.5384764542936288 0.41247844827586205 0.10254847645429357 0.06131465517241389
3 0.6133379501385041 0.34989224137931035 0.07418282548476463 0.09006465517241384
3 0.6664127423822714 0.47994612068965514 0.08142659279778389 0.070010775862069
3 0.7396260387811634 0.551260775862069 0.08536011080332426 0.07101293103448286
3 0.721814404432133 0.12927801724137933 0.0734903047091412 0.07372844827586203
3 0.7211495844875345 0.17775862068965514 0.06426592797783946 0.0690948275862069
3 0.8075484764542936 0.13132543103448277 0.08666204986149575 0.07167025862068964
3 0.8101800554016622 0.17417025862068966 0.06029085872576174 0.06807112068965512
7 0.8078808864265927 0.22855603448275866 0.06753462603878115 0.06599137931034484
0 0.6499307479224377 0.05796336206896551 0.08011080332409962 0.07887931034482758
0 0.7251246537396121 0.045668103448275855 0.08609418282548488 0.08734913793103448
0 0.8154709141274238 0.05951508620689654 0.07160664819944605 0.07811422413793104
0 0.8965789473684211 0.06207974137931036 0.08349030470914123 0.09145474137931035
1 0.7986565096952909 0.6823599137931035 0.06171745152354563 0.08242456896551725
1 0.5322299168975069 0.6915948275862068 0.0642936288088642 0.04549568965517244
1 0.64202216066482 0.8485883620689655 0.07024930747922442 0.08864224137931033
1 0.5826731301939058 0.9227155172413792 0.07023545706371197 0.060452586206896454