5 0.7344961240310077 0.9748490945674044 0.0917312661498708 0.05030181086519115
3 0.32396640826873385 0.6412877263581489 0.07901808785529711 0.06301810865191157
3 0.3627260981912145 0.5778269617706238 0.08271317829457361 0.07210261569416507
3 0.45191214470284236 0.5188933601609658 0.09565891472868213 0.05724346076458762
3 0.5217441860465116 0.46046277665995977 0.06919896640826881 0.08408450704225356
3 0.5712532299741602 0.5818812877263582 0.07595607235142114 0.0653621730382294
3 0.639547803617571 0.6484607645875252 0.07962532299741616 0.06629778672032202
3 0.6229328165374677 0.2544969818913481 0.06855297157622732 0.06883299798792752
3 0.622312661498708 0.29975855130784707 0.05994832041343681 0.06450704225352114
3 0.702906976744186 0.25640845070422535 0.08083979328165367 0.06691146881287725
3 0.7053617571059432 0.29640845070422533 0.05624031007751935 0.06355130784708245
7 0.7032170542635658 0.34718309859154933 0.06299741602067183 0.06160965794768613
0 0.5558785529715762 0.1879175050301811 0.07472868217054253 0.07364185110663983
0 0.6260206718346253 0.17643863179074445 0.08031007751937995 0.0815492957746479
0 0.710297157622739 0.18936619718309858 0.06679586563307499 0.07292756539235414
0 0.7859560723514213 0.1917605633802817 0.07788113695090436 0.08538229376257546
1 0.6946124031007752 0.7708551307847082 0.05757105943152448 0.07695171026156943
1 0.44608527131782943 0.779476861167002 0.059974160206718294 0.04247484909456743
1 0.5485012919896641 0.926046277665996 0.06552971576227394 0.08275653923541247
1 0.4928940568475452 0.9834004024144869 0.06589147286821706 0.03319919517102616