0 0.5408793969849246 0.139130859375 0.08762562814070352 0.07589843749999997
0 0.46252512562814074 0.1407421875 0.07625628140703523 0.08078125000000003
0 0.3895477386934673 0.144931640625 0.08581658291457293 0.077998046875
7 0.3871482412060301 0.3048828125 0.07449748743718587 0.06526367187500004
3 0.6760678391959799 0.210029296875 0.06554020100502493 0.05750976562499999
3 0.680251256281407 0.24955078125000002 0.06486180904522627 0.04757812500000003
3 0.6036934673366835 0.263974609375 0.05531407035175876 0.06338867187499997
3 0.6054773869346735 0.210498046875 0.08042713567839194 0.06430664062500002
3 0.4613190954773869 0.203525390625 0.07208542713567839 0.06708984374999999
3 0.45414572864321606 0.25234375 0.08644472361809039 0.05874023437499998
3 0.38954773869346737 0.20677734375 0.05775125628140707 0.05500000000000005
3 0.3883542713567839 0.24862304687499998 0.08407035175879406 0.05501953125000003
3 0.254962311557789 0.24978515624999997 0.06854271356783913 0.05547851562499995