0 0.46245238095238095 0.17080555555555554 0.08303571428571428 0.07196296296296294
0 0.536702380952381 0.17233333333333334 0.07226190476190482 0.07659259259259261
0 0.6058571428571429 0.17630555555555555 0.08132142857142864 0.0739537037037037
7 0.6081309523809524 0.32796296296296296 0.07059523809523811 0.061879629629629666
3 0.33434523809523814 0.23802777777777778 0.06210714285714284 0.054527777777777765
3 0.3303809523809524 0.2755 0.06146428571428571 0.045111111111111137
3 0.4029285714285714 0.28917592592592595 0.05241666666666663 0.06010185185185182
3 0.4012380952380953 0.23847222222222222 0.07621428571428569 0.06097222222222224
3 0.5378452380952381 0.2318611111111111 0.0683095238095238 0.0636111111111111
3 0.5446428571428571 0.27814814814814814 0.0819166666666666 0.05569444444444442
3 0.6058571428571428 0.23494444444444446 0.05472619047619044 0.052148148148148166
3 0.6069880952380953 0.27462037037037035 0.07966666666666669 0.052166666666666694
3 0.7333928571428571 0.2757222222222222 0.06495238095238089 0.0526018518518518