0 0.5594900849858357 0.04010989010989011 0.09915014164305949 0.08021978021978023
0 0.4709631728045326 0.04230769230769231 0.08640226628895184 0.08461538461538462
0 0.38821529745042493 0.044406593406593406 0.09675637393767714 0.08776923076923078
7 0.38550991501416426 0.22439560439560438 0.08399433427762033 0.07343956043956049
3 0.7112606232294617 0.11765934065934065 0.07389518413597712 0.0647142857142857
3 0.7159773371104816 0.16213186813186817 0.07313031161473103 0.05353846153846157
3 0.6296600566572238 0.17836263736263736 0.06236543909348438 0.07132967032967029
3 0.631671388101983 0.1181868131868132 0.09067988668555238 0.07236263736263739
3 0.46913597733711043 0.11034065934065934 0.08127478753541076 0.07549450549450548
3 0.46104815864022664 0.16527472527472525 0.09746458923512741 0.06609890109890107
3 0.388215297450425 0.114 0.06511331444759211 0.06189010989010994
3 0.38686968838526914 0.16108791208791207 0.09478753541076497 0.061912087912087944
3 0.23647308781869694 0.16239560439560435 0.07728045325779029 0.06242857142857137