3 0.1620798898071625 0.18163811563169163 0.08289256198347109 0.05928265524625268
3 0.16798898071625346 0.24306209850107063 0.08683195592286504 0.06796573875803
3 0.2440633608815427 0.2412847965738758 0.08422865013774102 0.07459314775160596
3 0.2440633608815427 0.18647751605995713 0.09209366391184574 0.0648929336188437
3 0.40473829201101924 0.18444325481798715 0.0776997245179063 0.06284796573875802
3 0.41097796143250687 0.2356745182012848 0.07705234159779621 0.04910064239828695
3 0.4758953168044077 0.24000000000000002 0.08887052341597794 0.061852248394004265
3 0.48147382920110193 0.18724839400428264 0.09739669421487608 0.06029978586723774
3 0.6267493112947659 0.24178800856531046 0.07840220385674941 0.055224839400428306
7 0.48769972451790633 0.28690578158458246 0.09673553719008267 0.059828693790149885
0 0.32045454545454544 0.12428265524625269 0.0961157024793388 0.07990364025695931
0 0.3991597796143251 0.11612419700214134 0.09610192837465563 0.06971092077087795
0 0.4742561983471074 0.11714132762312633 0.08493112947658397 0.07786937901498932