3 0.21973880597014925 0.20662475822050289 0.07485074626865673 0.053549323017408126
3 0.22507462686567165 0.2621083172147002 0.078407960199005 0.061392649903288216
3 0.2937686567164179 0.2605029013539652 0.07605721393034823 0.06737911025145064
3 0.2937686567164179 0.2109961315280464 0.08315920398009952 0.05861702127659576
3 0.4388557213930348 0.20915860735009673 0.07016169154228852 0.056769825918762076
3 0.4444900497512438 0.2554352030947776 0.06957711442786077 0.04435203094777564
3 0.5031094527363185 0.2593423597678917 0.08024875621890545 0.055870406189555105
3 0.5081467661691542 0.2116924564796905 0.0879477611940299 0.05446808510638303
3 0.6393283582089552 0.26095744680851063 0.07079601990049761 0.04988394584139269
7 0.5137686567164179 0.3017117988394584 0.08735074626865674 0.05404255319148936
0 0.36274875621890545 0.15481624758220505 0.08679104477611937 0.07217601547388781
0 0.43381840796019905 0.1474468085106383 0.0867786069651741 0.06296905222437138
0 0.5016293532338308 0.14836557059961314 0.07669154228855718 0.07033849129593812