3 0.2198452380952381 0.22745370370370369 0.07164285714285715 0.0512685185185185
3 0.22495238095238096 0.28057407407407403 0.07504761904761907 0.0587777777777778
3 0.29070238095238093 0.27903703703703703 0.07279761904761901 0.06450925925925922
3 0.29070238095238093 0.23163888888888884 0.07959523809523811 0.056120370370370355
3 0.42957142857142855 0.22987962962962963 0.06715476190476187 0.05435185185185184
3 0.4349642857142857 0.2741851851851852 0.06659523809523817 0.04246296296296297
3 0.49107142857142855 0.27792592592592597 0.07680952380952379 0.05349074074074072
3 0.49589285714285714 0.23230555555555554 0.08417857142857148 0.052148148148148166
3 0.621452380952381 0.27947222222222223 0.06776190476190479 0.0477592592592593
7 0.5012738095238095 0.31849074074074074 0.08360714285714288 0.05174074074074074
0 0.3567261904761905 0.17785185185185187 0.08307142857142853 0.06910185185185184
0 0.42475 0.1707962962962963 0.08305952380952379 0.06028703703703705
0 0.4896547619047619 0.17167592592592593 0.07340476190476186 0.0673425925925926