0 0.7535131894484414 0.17086592178770948 0.07627098321342941 0.06017690875232774
0 0.6830095923261391 0.16864059590316574 0.07682254196642678 0.07170391061452513
0 0.6056474820143886 0.1690875232774674 0.09107913669064753 0.08323091247672253
3 0.8891007194244605 0.22894785847299812 0.06129496402877685 0.052439478584730026
3 0.8131774580335732 0.2351396648044693 0.09055155875299759 0.05572625698324025
3 0.8842565947242207 0.27503724394785845 0.08200239808153462 0.06103351955307258
3 0.8094724220623501 0.2827932960893855 0.0808513189448442 0.06324022346368711
3 0.6835851318944844 0.2333705772811918 0.07568345323741021 0.05749534450651769
3 0.6850119904076738 0.2788081936685289 0.0762589928057553 0.060586592178771
3 0.6113549160671463 0.23470204841713221 0.059112709832134236 0.05483240223463686
3 0.6159232613908874 0.283463687150838 0.0842326139088729 0.06190875232774675
3 0.48461630695443647 0.278584729981378 0.10019184652278185 0.06280260707635013
7 0.607925659472422 0.3054189944134078 0.1190167865707434 0.06709497206703906