0 0.24591666666666667 0.17454629629629628 0.07572619047619049 0.059842592592592586
0 0.3159166666666667 0.17233333333333334 0.07627380952380948 0.07130555555555555
0 0.39272619047619045 0.17277777777777778 0.09042857142857147 0.0827685185185185
3 0.11129761904761905 0.23230555555555554 0.06085714285714286 0.052148148148148166
3 0.18667857142857144 0.238462962962963 0.08990476190476188 0.05541666666666669
3 0.11610714285714285 0.2781388888888889 0.08141666666666665 0.060694444444444405
3 0.19035714285714286 0.28585185185185186 0.08027380952380953 0.06288888888888886
3 0.31534523809523807 0.2367037037037037 0.07514285714285715 0.05717592592592593
3 0.3139285714285714 0.2818888888888889 0.07571428571428575 0.06025000000000005
3 0.3870595238095238 0.23802777777777778 0.05869047619047613 0.054527777777777765
3 0.3825238095238095 0.2865185185185185 0.08363095238095238 0.06156481481481482
3 0.5128928571428572 0.2816666666666667 0.09947619047619055 0.06245370370370375
7 0.3904642857142857 0.3083518518518518 0.11816666666666666 0.06672222222222217