0 0.7474570024570025 0.18021988527724664 0.0781449631449633 0.061787762906309746
0 0.6752211302211302 0.17793499043977057 0.07871007371007363 0.07362332695984702
0 0.595958230958231 0.17839388145315488 0.09331695331695336 0.0854588910133843
3 0.8863759213759214 0.2398565965583174 0.06280098280098266 0.053843212237093735
3 0.8085872235872237 0.24621414913957937 0.09277641277641276 0.05721797323135758
3 0.8814127764127765 0.2871797323135755 0.08401719901719885 0.06266730401529633
3 0.8047911547911548 0.2951434034416826 0.08283783783783792 0.06493307839388142
3 0.6758108108108108 0.24439770554493306 0.07754299754299769 0.05903441682600383
3 0.6772727272727272 0.29105162523900574 0.07813267813267802 0.06220841300191209
3 0.6018058968058968 0.24576481835564054 0.06056511056511051 0.056300191204588894
3 0.6064864864864866 0.2958317399617591 0.0863022113022113 0.06356596558317401
3 0.471953316953317 0.29082217973231356 0.10265356265356272 0.06448374760994269
7 0.5982923832923833 0.3183747609942639 0.12194103194103192 0.06889101338432117