7 0.6736861313868613 0.3422117202268431 0.06462287104622857 0.08747637051039693
7 0.8442822384428224 0.44751417769376184 0.06755474452554741 0.06051039697542531
7 0.8848296836982968 0.52851606805293 0.09072992700729918 0.06593572778827976
7 0.8674452554744525 0.571039697542533 0.06987834549878352 0.0646030245746691
7 0.8005474452554744 0.6099621928166352 0.07507299270072997 0.06506616257088839
7 0.3985523114355231 0.37438563327032137 0.05877128953771283 0.058232514177693775
7 0.3965206812652068 0.32241020793950853 0.052396593673966 0.04606805293005672
7 0.32933090024330897 0.3737145557655954 0.06860097323600972 0.05688090737240071
7 0.14570559610705597 0.44189035916824193 0.06740875912408763 0.07445179584120981
7 0.09762773722627738 0.5037618147448015 0.08014598540145985 0.04522684310018895
7 0.10718978102189779 0.5660869565217391 0.07145985401459855 0.06909262759924377
7 0.17901459854014598 0.611086956521739 0.08074209245742094 0.06551039697542528
7 0.2534428223844282 0.6347164461247636 0.0743795620437956 0.07497164461247631
5 0.7061313868613139 0.9321739130434783 0.10401459854014598 0.08497164461247646
3 0.252287104622871 0.2837051039697543 0.0905961070559611 0.05325141776937621
3 0.2522749391727494 0.2324007561436673 0.07621654501216542 0.0655671077504726
3 0.5378467153284672 0.23667296786389413 0.07036496350364968 0.04982041587901699
3 0.6791849148418491 0.24050094517958412 0.09582725060827249 0.0655671077504726
0 0.3930413625304136 0.1761436672967864 0.09356447688564473 0.07189035916824196
0 0.5314720194647202 0.17524574669187146 0.08542579075425794 0.07549149338374292
0 0.5951946472019465 0.1716446124763705 0.08773722627737213 0.07368620037807182
1 0.6021532846715328 0.7627410207939509 0.051289537712895475 0.05386578449905483
1 0.5453892944038929 0.7760207939508507 0.03968369829683699 0.05161625708884679
1 0.5274209245742093 0.7274102079395085 0.03562043795620435 0.03480151228733453
1 0.5459610705596106 0.6995085066162571 0.051836982968369846 0.038412098298676846
1 0.4689294403892944 0.7485727788279773 0.05357664233576638 0.06330812854442346
1 0.4857177615571776 0.663960302457467 0.04083941605839422 0.03808128544423437
1 0.4958637469586375 0.6124385633270322 0.058795620437956254 0.04661625708884682
1 0.4324330900243309 0.5955671077504726 0.05704379562043794 0.061455576559546296
1 0.46400243309002437 0.5370604914933838 0.05995133819951335 0.04883742911153126
1 0.415632603406326 0.5062287334593573 0.04838199513381993 0.04882797731569006