7 0.6747261904761904 0.3398703703703704 0.06323809523809511 0.0856944444444444
7 0.8416666666666667 0.4430277777777778 0.06610714285714282 0.05927777777777776
7 0.8813452380952381 0.5223796296296296 0.0887857142857142 0.06459259259259259
7 0.8643333333333333 0.564037037037037 0.06838095238095244 0.06328703703703695
7 0.7988690476190475 0.6021666666666667 0.07346428571428576 0.06374074074074067
7 0.40548809523809526 0.37138888888888894 0.057511904761904695 0.05704629629629631
7 0.40349999999999997 0.3204722222222222 0.05127380952380958 0.04512962962962964
7 0.33775 0.3707314814814815 0.06713095238095236 0.05572222222222217
7 0.15805952380952382 0.43751851851851853 0.06596428571428573 0.07293518518518517
7 0.11101190476190476 0.49812962962962964 0.07842857142857142 0.04430555555555547
7 0.1203690476190476 0.5591851851851851 0.06992857142857142 0.0676851851851851
7 0.1906547619047619 0.6032685185185185 0.07901190476190477 0.06417592592592587
7 0.26348809523809524 0.6264166666666666 0.07278571428571427 0.07344444444444438
5 0.7064761904761906 0.9178148148148149 0.10178571428571428 0.08324074074074082
3 0.26235714285714284 0.28255555555555556 0.08865476190476193 0.052166666666666694
3 0.2623452380952381 0.23229629629629628 0.07458333333333331 0.06423148148148149
3 0.541797619047619 0.2364814814814815 0.0688571428571429 0.04880555555555554
3 0.6801071428571428 0.24023148148148146 0.0937738095238095 0.06423148148148149
0 0.40009523809523806 0.1771851851851852 0.09155952380952377 0.07042592592592593
0 0.5355595238095238 0.17630555555555555 0.08359523809523813 0.0739537037037037
0 0.5979166666666667 0.17277777777777778 0.0858571428571428 0.07218518518518517
1 0.6047261904761905 0.7518333333333334 0.05019047619047622 0.05276851851851853
1 0.5491785714285714 0.7648425925925926 0.03883333333333334 0.05056481481481472
1 0.5315952380952381 0.7172222222222222 0.03485714285714282 0.034092592592592535
1 0.5497380952380952 0.6898888888888889 0.050726190476190494 0.03762962962962972
1 0.4743571428571428 0.7379537037037037 0.05242857142857139 0.062018518518518535
1 0.49078571428571427 0.6550648148148148 0.03996428571428577 0.03730555555555552
1 0.5007142857142858 0.6045925925925927 0.057535714285714336 0.045666666666666605
1 0.4386428571428571 0.5880648148148149 0.05582142857142856 0.06020370370370369
1 0.46953571428571433 0.53075 0.05866666666666663 0.04784259259259266
1 0.42220238095238094 0.5005462962962963 0.04734523809523807 0.04783333333333341