7 0.6790786240786241 0.3317973231357553 0.06525798525798512 0.08847992351816439
7 0.8513513513513513 0.4383078393881453 0.06821867321867318 0.06120458891013383
7 0.8922972972972973 0.5202390057361377 0.09162162162162153 0.06669216061185468
7 0.8747420147420147 0.5632504780114722 0.07056511056511063 0.06534416826003815
7 0.8071867321867321 0.6026195028680689 0.07581081081081086 0.06581261950286799
7 0.40124078624078624 0.36434034416826006 0.05934889434889428 0.058900573613766743
7 0.39918918918918916 0.31176864244741875 0.05291154791154797 0.046596558317399624
7 0.3313390663390663 0.36366156787762904 0.06927518427518425 0.057533460803059225
7 0.14590909090909093 0.43261950286806883 0.0680712530712531 0.07530592734225619
7 0.09735872235872235 0.4952007648183557 0.08093366093366093 0.045745697896749433
7 0.107014742014742 0.5582409177820268 0.07216216216216217 0.06988527724665383
7 0.17954545454545456 0.6037571701720841 0.08153562653562654 0.06626195028680683
7 0.2547051597051597 0.6276577437858508 0.07511056511056509 0.07583173996175901
5 0.7118427518427519 0.928527724665392 0.10503685503685503 0.08594646271510525
3 0.25353808353808355 0.27261950286806885 0.09148648648648652 0.053862332695984734
3 0.25352579852579854 0.2207265774378585 0.07696560196560194 0.06631931166347993
3 0.5419041769041769 0.22504780114722753 0.07105651105651109 0.05039196940726576
3 0.6846314496314496 0.22891969407265772 0.09676904176904175 0.06631931166347993
0 0.39567567567567563 0.1638240917782027 0.09448402948402944 0.0727151051625239
0 0.5354668304668305 0.16291586998087954 0.0862653562653563 0.07635755258126195
0 0.5998157248157249 0.1592734225621415 0.08859950859950846 0.07453154875717015
1 0.6068427518427518 0.757151051625239 0.051793611793611895 0.054483747609942644
1 0.5495208845208845 0.7705831739961759 0.04007371007371008 0.05220841300191195
1 0.5313759213759214 0.721414913957935 0.03597051597051594 0.03520076481835558
1 0.5500982800982801 0.6931931166347993 0.05234643734643736 0.038852772466539294
1 0.4723095823095823 0.7428202676864245 0.05410319410319406 0.06403441682600385
1 0.48926289926289923 0.6572370936902486 0.0412407862407863 0.038518164435946425
1 0.49950859950859955 0.6051242829827916 0.05937346437346443 0.04715105162523894
1 0.4354545454545454 0.5880592734225621 0.05760442260442259 0.062160611854684494
1 0.4673341523341524 0.5288814531548758 0.060540540540540505 0.04939770554493315
1 0.41848894348894344 0.4976959847036329 0.048857493857493835 0.04938814531548765