5 0.3570238095238095 0.9208981481481483 0.11021428571428572 0.0664907407407408
7 0.4040714285714286 0.32443518518518516 0.07054761904761904 0.06363888888888891
3 0.13935714285714285 0.2772685185185185 0.07616666666666667 0.052166666666666694
3 0.1387857142857143 0.2375833333333333 0.0723452380952381 0.043074074074074056
3 0.20170238095238097 0.23560185185185184 0.06213095238095238 0.04703703703703702
3 0.2096309523809524 0.277037037037037 0.07799999999999997 0.06112962962962961
3 0.33603571428571427 0.238462962962963 0.06549999999999997 0.050120370370370364
3 0.3326428571428572 0.2730740740740741 0.06549999999999997 0.04790740740740741
3 0.410297619047619 0.23185185185185186 0.07115476190476189 0.047481481481481506
3 0.4085952380952381 0.2755 0.06774999999999996 0.05011111111111111
3 0.540952380952381 0.2796851851851852 0.0705595238095238 0.055842592592592645
0 0.26320238095238097 0.1758611111111111 0.07969047619047619 0.06777777777777777
0 0.34114285714285714 0.17564814814814814 0.075702380952381 0.06998148148148146
0 0.40151190476190474 0.17542592592592593 0.07739285714285714 0.07218518518518517