5 0.2873641304347826 0.9693446088794926 0.12635869565217392 0.0613107822410148
7 0.3416032608695652 0.2963953488372093 0.08051630434782607 0.07265327695560256
3 0.041440217391304345 0.24207188160676532 0.08288043478260869 0.05919661733615222
3 0.03940217391304348 0.19661733615221988 0.07880434782608696 0.048625792811839326
3 0.11063858695652175 0.19497885835095136 0.07091032608695652 0.05369978858350947
3 0.1196875 0.24228329809725158 0.08902173913043476 0.06978858350951372
3 0.26395380434782606 0.19824524312896408 0.07475543478260867 0.0572198731501057
3 0.26008152173913046 0.23775898520084568 0.07475543478260867 0.054693446088794936
3 0.3487092391304348 0.19069767441860466 0.08120923913043476 0.054207188160676566
3 0.3467663043478261 0.24052854122621567 0.07732336956521735 0.0572093023255814
3 0.4978260869565217 0.24530655391120507 0.0805298913043478 0.06375264270613114
0 0.18082880434782608 0.12677589852008458 0.09095108695652174 0.07737843551797038
0 0.2697826086956522 0.12653276955602535 0.08639945652173918 0.07989429175475686
0 0.3386820652173913 0.12627906976744188 0.08832880434782607 0.08241014799154332