5 0.28778089887640446 0.9449454148471618 0.1300280898876405 0.07839519650655016
7 0.34328651685393263 0.24169213973799125 0.08323033707865167 0.07503275109170307
3 0.037921348314606744 0.185589519650655 0.07584269662921349 0.0611353711790393
3 0.03581460674157303 0.13864628820960698 0.07162921348314606 0.05021834061135371
3 0.10453651685393259 0.13695414847161572 0.07330056179775281 0.05545851528384275
3 0.11389044943820226 0.1858078602620087 0.09202247191011233 0.07207423580786024
3 0.26301966292134826 0.14032751091703058 0.07727528089887638 0.05909388646288209
3 0.2590168539325843 0.18113537117903933 0.07727528089887638 0.05648471615720525
3 0.35063202247191005 0.13253275109170307 0.08394662921348311 0.05598253275109173
3 0.348623595505618 0.18399563318777296 0.07992977528089883 0.05908296943231441
3 0.5047752808988764 0.1889301310043668 0.08324438202247189 0.06584061135371186
0 0.17709269662921348 0.06651746724890831 0.09401685393258427 0.0799126637554585
0 0.2690449438202247 0.06626637554585152 0.08931179775280904 0.08251091703056766
0 0.34026685393258427 0.06600436681222709 0.09130617977528088 0.08510917030567683