0 0.6209245742092457 0.16111531190926276 0.08025547445255478 0.06289224952741022
0 0.5548905109489051 0.16291115311909263 0.07328467153284672 0.06108695652173913
0 0.4740875912408759 0.16155954631379962 0.07153284671532842 0.06918714555765594
3 0.7581995133819951 0.22321361058601133 0.076800486618005 0.057466918714555774
3 0.7497931873479319 0.26440453686200377 0.08364963503649633 0.06810018903591677
3 0.6886861313868613 0.2704725897920605 0.0691849148418493 0.05864839319470695
3 0.6872384428223846 0.22525519848771267 0.08366180048661798 0.07619092627599246
3 0.5502433090024331 0.22907372400756146 0.07732360097323608 0.06584120982986764
3 0.5499513381995134 0.2673251417769376 0.08021897810218971 0.07574669187145557
3 0.47581508515815085 0.2722778827977316 0.09181265206812655 0.07665406427221175
3 0.483345498783455 0.2207466918714556 0.06517031630170322 0.058185255198487766
3 0.337956204379562 0.26755198487712667 0.07330900243309 0.061805293005671065
5 0.6307664233576642 0.9225425330812854 0.08541362530413629 0.07237240075614382