0 0.3816666666666667 0.17542592592592593 0.07853571428571432 0.06161111111111113
0 0.4462857142857143 0.1771851851851852 0.07171428571428573 0.059842592592592586
0 0.5253571428571429 0.1758611111111111 0.06999999999999995 0.06777777777777777
3 0.24733333333333332 0.23625925925925925 0.0751547619047619 0.05629629629629631
3 0.2555595238095238 0.27661111111111114 0.08185714285714285 0.06671296296296292
3 0.31535714285714284 0.28255555555555556 0.06770238095238096 0.05745370370370366
3 0.3167738095238095 0.23825925925925925 0.08186904761904759 0.07463888888888891
3 0.4508333333333333 0.24200000000000002 0.07566666666666674 0.06449999999999997
3 0.45111904761904764 0.27947222222222223 0.07849999999999993 0.07420370370370369
3 0.5236666666666666 0.28432407407407406 0.08984523809523813 0.07509259259259261
3 0.5162976190476191 0.2338425925925926 0.06377380952380958 0.05700000000000003
3 0.6585714285714286 0.2796944444444444 0.07173809523809523 0.060546296296296286
5 0.37203571428571425 0.9213425925925925 0.08358333333333337 0.0708981481481482