0 0.6248756218905472 0.16292069632495165 0.08205223880597018 0.06435203094777565
0 0.557363184079602 0.16475822050290137 0.07492537313432837 0.06250483558994196
0 0.4747512437810945 0.1633752417794971 0.0731343283582089 0.07079303675048355
3 0.765223880597015 0.22646034816247582 0.07851990049751258 0.058800773694390726
3 0.7566293532338308 0.2686073500967118 0.08552238805970148 0.06968085106382975
3 0.6941542288557214 0.2748162475822051 0.0707338308457713 0.0600096711798839
3 0.6926741293532339 0.22854932301740813 0.08553482587064674 0.07795938104448744
3 0.5526119402985075 0.23245647969052224 0.07905472636815927 0.0673694390715667
3 0.5523134328358209 0.27159574468085107 0.08201492537313425 0.07750483558994196
3 0.4765174129353234 0.2766634429400387 0.09386815920398013 0.0784332688588008
3 0.4842164179104478 0.22393617021276596 0.0666293532338309 0.05953578336557066
3 0.3355721393034825 0.2718278529980658 0.07495024875621889 0.06323984526112185
5 0.6349378109452737 0.9420212765957446 0.08732587064676621 0.07405222437137346