5 0.4644404761904762 0.9186944444444445 0.10967857142857142 0.07618518518518526
7 0.18413095238095237 0.4225277777777778 0.061440476190476205 0.06059259259259254
7 0.24932142857142858 0.3599259259259259 0.0875238095238095 0.05880555555555555
7 0.8257857142857142 0.4293611111111111 0.057035714285714384 0.05486111111111111
7 0.7645714285714286 0.38262962962962965 0.0706309523809523 0.058370370370370336
7 0.7013690476190476 0.33193518518518517 0.05077380952380963 0.048657407407407365
7 0.6072738095238095 0.2574259259259259 0.05528571428571435 0.04422222222222221
1 0.41710714285714284 0.4996759259259259 0.05808333333333329 0.059731481481481476
1 0.5690119047619048 0.44082407407407403 0.04677380952380948 0.05310185185185187
1 0.5245238095238095 0.3843888888888889 0.05073809523809524 0.04955555555555554
1 0.4519642857142857 0.35706481481481483 0.046190476190476136 0.05660185185185185
7 0.46869047619047616 0.18292592592592594 0.05696428571428574 0.06095370370370369
7 0.5378452380952381 0.20012037037037037 0.0683095238095238 0.06888888888888887
3 0.36920238095238095 0.28079629629629627 0.06884523809523814 0.05569444444444442
3 0.35304761904761905 0.22812037037037036 0.09094047619047617 0.07903703703703704
3 0.7725119047619047 0.27021296296296293 0.061559523809523856 0.05568518518518517
3 0.6307976190476191 0.23626851851851852 0.07286904761904767 0.0547962962962963
3 0.5588095238095238 0.23362962962962963 0.06038095238095241 0.06537962962962965
0 0.4817142857142857 0.16241666666666665 0.09154761904761902 0.08056481481481481
0 0.5542738095238094 0.16749074074074072 0.05978571428571432 0.06161111111111113
0 0.626547619047619 0.17498148148148146 0.05807142857142854 0.060722222222222205