5 0.5373375 0.9448446601941748 0.1151625 0.07988349514563126
7 0.8316625000000001 0.4245922330097087 0.06451249999999988 0.06353398058252421
7 0.7632125 0.35895145631067965 0.09189999999999998 0.06166019417475727
7 0.15792500000000004 0.43175728155339804 0.0598875000000001 0.05752427184466019
7 0.22219999999999998 0.38275728155339805 0.07416249999999991 0.0612038834951456
7 0.28856250000000006 0.32960194174757285 0.05331250000000012 0.051019417475728114
7 0.3873625 0.2514757281553398 0.05805000000000007 0.046368932038834944
1 0.5870375 0.5054854368932039 0.06098749999999995 0.06263106796116504
1 0.42753749999999996 0.4437766990291262 0.049112499999999955 0.05567961165048546
1 0.47424999999999995 0.3846019417475728 0.053275 0.05196116504854367
1 0.5504375 0.3559514563106796 0.048499999999999946 0.05934951456310679
7 0.532875 0.17335922330097087 0.059812500000000025 0.06391262135922328
7 0.46026249999999996 0.1913883495145631 0.071725 0.07223300970873785
3 0.6373375 0.2759805825242718 0.0722875000000002 0.058398058252427165
3 0.6543000000000001 0.22074757281553398 0.09548749999999984 0.082873786407767
3 0.21386250000000004 0.26488349514563103 0.06463750000000004 0.05838834951456309
3 0.3626625 0.22929126213592232 0.07651250000000004 0.057456310679611655
3 0.43825000000000003 0.22652427184466017 0.06340000000000004 0.06855339805825245
0 0.5192 0.15185436893203882 0.09612499999999997 0.0844757281553398
0 0.44301250000000003 0.1571747572815534 0.06277500000000004 0.06460194174757283
0 0.36712500000000003 0.16502912621359223 0.06097499999999997 0.06366990291262134