5 0.5326641414141414 0.9147249508840865 0.11632575757575757 0.08082514734774086
7 0.8299621212121213 0.3883398821218074 0.06516414141414129 0.06428290766208246
7 0.760820707070707 0.3219253438113949 0.0928282828282828 0.06238703339882121
7 0.14941919191919195 0.39558939096267187 0.06049242424242435 0.058202357563850685
7 0.21434343434343434 0.34601178781925346 0.07491161616161607 0.061925343811394855
7 0.28137626262626264 0.292229862475442 0.05385101010101022 0.0516208251473477
7 0.3811742424242424 0.21318271119842827 0.05863636363636371 0.046915520628683684
1 0.5828661616161616 0.47018664047151276 0.061603535353535306 0.06336935166994105
1 0.42175505050505047 0.40775049115913553 0.04960858585858581 0.05633595284872301
1 0.46893939393939393 0.3478781925343811 0.05381313131313132 0.05257367387033397
1 0.5458964646464647 0.3188899803536346 0.04898989898989893 0.06004911591355599
7 0.5281565656565657 0.13414538310412574 0.060416666666666695 0.06466601178781924
7 0.454810606060606 0.1523870333988212 0.07244949494949494 0.07308447937131629
3 0.6336742424242424 0.2379764243614931 0.07301767676767697 0.05908644400785852
3 0.6508080808080808 0.18209233791748528 0.09645202020202004 0.0838506876227898
3 0.2059217171717172 0.2267485265225933 0.0652904040404041 0.059076620825147336
3 0.35622474747474747 0.19073673870333988 0.07728535353535358 0.0581335952848723
3 0.4325757575757576 0.18793713163064832 0.06404040404040408 0.06936149312377211
0 0.5143434343434343 0.11238703339882121 0.09709595959595957 0.08547151277013751
0 0.4373863636363637 0.11777013752455795 0.06340909090909094 0.06536345776031437
0 0.3607323232323233 0.12571709233791747 0.06159090909090906 0.06442043222003928