0 0.5758095238095239 0.17322222222222222 0.07565476190476192 0.06777777777777777
0 0.6443928571428571 0.17365740740740743 0.07677380952380954 0.06865740740740739
0 0.7186547619047619 0.16837037037037036 0.07563095238095235 0.05808333333333335
3 0.4545119047619048 0.23671296296296299 0.08529761904761902 0.04862037037037039
3 0.45139285714285715 0.28344444444444444 0.06772619047619045 0.05569444444444442
3 0.6461071428571429 0.23362962962962963 0.0694642857142856 0.08125
3 0.7189404761904762 0.23230555555555554 0.06325000000000013 0.052148148148148166
3 0.7175238095238096 0.2810185185185185 0.06267857142857154 0.04731481481481484
3 0.8501666666666666 0.28035185185185185 0.06271428571428579 0.06186111111111106
7 0.7781785714285714 0.32928703703703704 0.05022619047619054 0.06981481481481479
7 0.7078928571428571 0.4474351851851852 0.0615476190476191 0.06103703703703705
7 0.7203571428571429 0.516425925925926 0.07061904761904754 0.05268518518518527
7 0.6500714285714285 0.564037037037037 0.07514285714285701 0.06857407407407402
7 0.5984880952380952 0.4871018518518519 0.05978571428571432 0.055333333333333325
7 0.4839880952380953 0.5534444444444445 0.06886904761904765 0.05310185185185177
7 0.38875000000000004 0.5197222222222222 0.07569047619047624 0.057083333333333416
7 0.34510714285714283 0.582324074074074 0.07003571428571434 0.05000925925925925
1 0.3989642857142857 0.8763703703703704 0.06034523809523816 0.044435185185185196
5 0.46358333333333335 0.9081203703703703 0.11477380952380949 0.0867592592592592