0 0.42124700239808144 0.17139664804469276 0.07619904076738604 0.06815642458100557
0 0.3521702637889689 0.17183426443202982 0.07732613908872903 0.0690409683426443
0 0.27737410071942453 0.16651769087523277 0.07617505995203834 0.0584078212290503
3 0.5434172661870503 0.2352420856610801 0.0859112709832134 0.04889199255121042
3 0.5465587529976019 0.2822346368715084 0.06821342925659471 0.05600558659217875
3 0.35044364508393283 0.2321415270018622 0.06996402877697831 0.08170391061452514
3 0.2770863309352518 0.23081005586592176 0.06370503597122315 0.052439478584730026
3 0.2785131894484412 0.2797951582867784 0.06312949640287781 0.047579143389199274
3 0.144916067146283 0.27912476722532586 0.06316546762589936 0.062206703910614475
7 0.21742206235011996 0.3283333333333333 0.05058752997601925 0.07020484171322158
7 0.2882134292565947 0.4471415270018622 0.061990407673860964 0.06137802607076357
7 0.27565947242206235 0.5165176908752328 0.07112709832134285 0.05297951582867792
7 0.34645083932853726 0.5643947858472997 0.07568345323740994 0.0689571694599627
7 0.39840527577937646 0.4870297951582868 0.06021582733812953 0.05564245810055865
7 0.5137290167865707 0.5537430167597766 0.0693645083932854 0.05339851024208558
7 0.609652278177458 0.5198324022346368 0.07623501199040772 0.057402234636871594
7 0.6536091127098321 0.5827839851024208 0.07053956834532393 0.050288640595903156
1 0.5993645083932854 0.8784729981378027 0.060779376498801024 0.044683426443202987
5 0.5342805755395683 0.9104003724394786 0.115599520383693 0.08724394785847282