0 0.40406249999999994 0.17315789473684212 0.08274739583333328 0.07408906882591092
0 0.3290494791666667 0.1736336032388664 0.08397135416666668 0.07505060728744938
0 0.2478255208333334 0.16785425101214574 0.08272135416666664 0.06349190283400812
3 0.5367317708333333 0.2425607287449393 0.0932942708333333 0.05314777327935222
3 0.5401432291666667 0.2936437246963563 0.07407552083333331 0.06088056680161941
3 0.32717447916666664 0.23919028340080972 0.07597656249999989 0.08881578947368421
3 0.24751302083333337 0.23774291497975708 0.06917968750000014 0.057004048582996
3 0.24906249999999996 0.2909919028340081 0.06855468750000011 0.05172064777327937
3 0.10398437500000002 0.29026315789473683 0.06859375000000008 0.06762145748987848
7 0.1827213541666667 0.34375506072874495 0.05493489583333341 0.07631578947368418
7 0.25959635416666665 0.47290485829959517 0.06731770833333339 0.06672064777327942
7 0.24596354166666665 0.5483198380566802 0.07723958333333325 0.057591093117409
7 0.32283854166666676 0.6003643724696356 0.08218749999999986 0.07495951417004043
7 0.37925781249999996 0.5162651821862349 0.06539062500000004 0.06048582995951416
7 0.5044921875 0.5887854251012146 0.07532552083333337 0.05804655870445335
7 0.6086588541666667 0.5519230769230768 0.08278645833333338 0.06239878542510131
7 0.6563932291666666 0.6203542510121457 0.0766015625000002 0.054665991902834
1 0.5974869791666667 0.9417813765182187 0.06600260416666674 0.04857287449392714
5 0.52734375 0.9640688259109311 0.125 0.07186234817813765