7 0.541586402266289 0.43826373626373627 0.08126062322946176 0.08810989010989005
7 0.4559348441926345 0.4275164835164835 0.0711756373937677 0.06937362637362637
7 0.45322946175637396 0.37860439560439557 0.06577903682719555 0.06259340659340663
7 0.5274220963172804 0.3738901098901099 0.07655807365439087 0.05945054945054948
7 0.7803257790368272 0.36814285714285716 0.0643626062322947 0.054230769230769256
3 0.8555382436260623 0.32576923076923076 0.08065155807365447 0.08074725274725277
3 0.6960339943342776 0.27553846153846157 0.07185552407932014 0.05561538461538463
3 0.7020963172804532 0.3294285714285714 0.07590651558073643 0.07970329670329668
3 0.3888385269121813 0.2731868131868132 0.09943342776203973 0.06346153846153846
3 0.3736543909348442 0.3349230769230769 0.08526912181303123 0.07813186813186816
0 0.5270821529745042 0.19626373626373625 0.08801699716713879 0.07154945054945057
0 0.6191359773371105 0.20071428571428573 0.0819263456090652 0.08358241758241758
0 0.6929886685552408 0.206989010989011 0.07988668555240806 0.08358241758241758