5 0.2888157894736842 0.9702868852459017 0.1355263157894737 0.05942622950819672
7 0.5153157894736842 0.39018442622950816 0.07548684210526316 0.08215163934426224
7 0.5948815789473685 0.38016393442622953 0.06611842105263158 0.06468237704918033
7 0.5973947368421052 0.3345594262295082 0.06110526315789481 0.05836065573770496
7 0.5284736842105263 0.33016393442622954 0.07111842105263153 0.055430327868852484
7 0.2935394736842106 0.32480532786885247 0.0597894736842106 0.05056352459016396
3 0.22367105263157896 0.28529713114754096 0.07492105263157901 0.07528688524590166
3 0.3718421052631579 0.23846311475409837 0.06675000000000002 0.05185450819672133
3 0.36621052631578954 0.2887090163934426 0.07051315789473674 0.07431352459016391
3 0.6572105263157895 0.23627049180327872 0.09236842105263164 0.059170081967213115
3 0.6713157894736841 0.2938319672131147 0.07921052631578954 0.07284836065573773
0 0.5287894736842105 0.16454918032786886 0.08176315789473683 0.0667110655737705
0 0.4432763157894737 0.1686987704918033 0.07610526315789477 0.07793032786885246
0 0.37467105263157896 0.17454918032786887 0.07421052631578959 0.07793032786885246