5 0.6820833333333334 0.9217685185185185 0.12154761904761895 0.10455555555555562
7 0.4766190476190476 0.37205555555555553 0.06829761904761905 0.07424074074074069
7 0.40463095238095237 0.36300000000000004 0.059821428571428574 0.0584537037037037
7 0.40235714285714286 0.32178703703703704 0.05528571428571435 0.052740740740740776
7 0.46471428571428575 0.31781481481481483 0.06434523809523804 0.05009259259259261
7 0.6772738095238094 0.3129722222222222 0.05409523809523816 0.04569444444444447
3 0.7404880952380952 0.2772685185185185 0.06778571428571435 0.06803703703703705
3 0.6064285714285714 0.23494444444444446 0.060392857142857165 0.046861111111111124
3 0.6115238095238095 0.28035185185185185 0.06379761904761902 0.06715740740740739
3 0.34823809523809524 0.23296296296296298 0.08357142857142863 0.05347222222222225
3 0.3354761904761905 0.28498148148148145 0.07166666666666668 0.06583333333333335
0 0.4644285714285714 0.16814814814814813 0.07397619047619046 0.06028703703703705
0 0.541797619047619 0.17189814814814816 0.0688571428571429 0.07042592592592593
0 0.6038690476190476 0.1771851851851852 0.06714285714285718 0.07042592592592593