5 0.31896782841823057 0.9176826722338205 0.1075067024128687 0.0674947807933195
1 0.6355361930294906 0.9156993736951984 0.056514745308311104 0.07147181628392488
1 0.671916890080429 0.8960647181628392 0.052694369973190276 0.04811064718162831
1 0.6090482573726542 0.8341962421711899 0.06735924932975872 0.07343423799582453
1 0.562774798927614 0.6520459290187891 0.04884718498659509 0.07684759916492706
1 0.3958713136729222 0.620741127348643 0.0647587131367293 0.055970772442588614
1 0.43225201072386055 0.5613465553235908 0.06860589812332434 0.05247390396659706
7 0.32087131367292226 0.5312734864300627 0.07247989276139417 0.07526096033402914
7 0.23120643431635388 0.5844572025052192 0.06473190348525472 0.08080375782881011
7 0.17152815013404826 0.5784968684759917 0.09599195710455766 0.06887265135699376
7 0.09652815013404825 0.5352609603340291 0.07363270777479894 0.0658768267223381
7 0.05057640750670242 0.4472964509394572 0.06596514745308311 0.07479123173277671
7 0.6648927613941019 0.5337682672233821 0.0667292225201072 0.07482254697286018
7 0.7465951742627346 0.5856993736951983 0.07186327077747975 0.0634133611691023
7 0.8225469168900804 0.5732776617954072 0.07315013404825729 0.08229645093945712
7 0.8965817694369973 0.5285490605427975 0.07827077747989289 0.07631524008350721
7 0.9355227882037533 0.4646868475991649 0.06934316353887401 0.0638726513569938
7 0.21013404825737264 0.3016805845511482 0.09919571045576407 0.06182672233820461
7 0.12780160857908848 0.30391440501043837 0.08768096514745312 0.07226513569937372
7 0.1179088471849866 0.24849686847599164 0.07300268096514742 0.06081419624217118
7 0.21588471849865953 0.2529749478079332 0.09536193029490615 0.06379958246346555
3 0.04825737265415549 0.2045929018789144 0.09651474530831099 0.06471816283924843
3 0.0435656836461126 0.14352818371607515 0.0871313672922252 0.06993736951983298
3 0.3572520107238606 0.15505219206680587 0.08395442359249329 0.0684342379958247
3 0.352774798927614 0.1972964509394572 0.08268096514745302 0.06345511482254694
0 0.36332439678284184 0.08101252609603342 0.11454423592493304 0.07964509394572027
0 0.2749061662198391 0.07677453027139876 0.09546916890080433 0.06994780793319415
0 0.2161930294906166 0.07653444676409185 0.09292225201072385 0.07243215031315238