5 0.3439880952380952 0.9149444444444444 0.09547619047619049 0.05987037037037045
1 0.6251309523809524 0.9131851851851852 0.05019047619047622 0.06339814814814818
1 0.6574404761904762 0.8957685185185185 0.046797619047618984 0.04267592592592585
1 0.6016071428571429 0.8408888888888889 0.059821428571428574 0.0651388888888888
1 0.5605119047619047 0.6793148148148148 0.04338095238095231 0.06816666666666678
1 0.41228571428571426 0.6515462962962962 0.057511904761904833 0.049648148148148045
1 0.44459523809523804 0.5988611111111111 0.06092857142857137 0.04654629629629628
7 0.34567857142857145 0.5721851851851852 0.06436904761904767 0.06675925925925917
7 0.26604761904761903 0.619361111111111 0.05748809523809526 0.071675925925926
7 0.21304761904761907 0.6140740740740741 0.08525000000000002 0.06109259259259261
7 0.14644047619047618 0.5757222222222222 0.06539285714285713 0.05843518518518509
7 0.10563095238095238 0.49769444444444444 0.05858333333333334 0.06634259259259262
7 0.6512023809523809 0.5743981481481482 0.05926190476190473 0.06637037037037043
7 0.7237619047619048 0.620462962962963 0.06382142857142845 0.05625
7 0.7912142857142858 0.6094444444444445 0.06496428571428564 0.07299999999999993
7 0.8569642857142857 0.5697685185185185 0.06951190476190489 0.06769444444444435
7 0.891547619047619 0.5131203703703703 0.06158333333333336 0.056657407407407455
7 0.24733333333333332 0.3685277777777778 0.0880952380952381 0.05484259259259261
7 0.1742142857142857 0.37050925925925926 0.07786904761904763 0.06410185185185187
7 0.16542857142857142 0.32135185185185183 0.06483333333333333 0.053944444444444434
7 0.2524404761904762 0.3253240740740741 0.08469047619047618 0.0565925925925926
3 0.10194047619047618 0.28255555555555556 0.08976190476190476 0.05745370370370366
3 0.09769047619047619 0.2287685185185185 0.08198809523809525 0.06247222222222225
3 0.37798809523809523 0.238462962962963 0.0745595238095238 0.06070370370370373
3 0.37401190476190477 0.27593518518518517 0.07342857142857137 0.056287037037037004
0 0.3833809523809524 0.17278703703703704 0.10172619047619053 0.07064814814814815
0 0.3048571428571428 0.16902777777777778 0.08478571428571431 0.06204629629629629
0 0.2527142857142857 0.1688148148148148 0.08252380952380951 0.06424999999999999