5 0.3475130890052356 0.9719959266802444 0.10602094240837696 0.0560081466395112
1 0.6570680628272252 0.9704684317718941 0.0549738219895288 0.059063136456211814
1 0.6927356020942408 0.9566496945010183 0.05145287958115176 0.046934826883910305
1 0.631348167539267 0.8962932790224032 0.06577225130890052 0.07163951120162923
1 0.5861649214659685 0.7185947046843176 0.04769633507853396 0.07496945010183312
1 0.4231937172774869 0.6880549898167005 0.0632329842931938 0.05460285132382881
1 0.458717277486911 0.630112016293279 0.06698952879581145 0.05119144602851322
7 0.3499607329842932 0.6007739307535642 0.0707722513089006 0.07342158859470459
7 0.2624083769633508 0.6526578411405295 0.06320680628272254 0.07882892057026485
7 0.20413612565445027 0.6468431771894094 0.09373036649214661 0.06718940936863546
7 0.13090314136125653 0.6046639511201629 0.07189790575916231 0.06426680244399176
7 0.08603403141361257 0.5188492871690428 0.06441099476439792 0.07296334012219968
7 0.6858769633507853 0.6032077393075357 0.06515706806282719 0.07299389002036666
7 0.7656544502617801 0.6538696537678208 0.07017015706806269 0.06186354378818737
7 0.8398167539267016 0.6417515274949084 0.07142670157068054 0.08028513238289198
7 0.912107329842932 0.5981160896130346 0.07642670157068075 0.07445010183299379
7 0.950130890052356 0.5358146639511201 0.06770942408376966 0.06231160896130352
7 0.24183246073298428 0.37679226069246435 0.0968586387434555 0.06031568228105908
7 0.16143979057591623 0.3789714867617108 0.08561518324607333 0.07049898167006112
7 0.1517801047120419 0.32490835030549897 0.07128272251308898 0.05932790224032586
7 0.2474476439790576 0.3292769857433809 0.09311518324607328 0.062240325865580454
3 0.08197643979057591 0.28224032586558045 0.0986910994764398 0.06318737270875759
3 0.07730366492146597 0.2230855397148676 0.09014397905759162 0.06870672097759677
3 0.38548429319371724 0.23374745417515277 0.08197643979057591 0.06676171079429741
3 0.3811125654450262 0.274959266802444 0.08073298429319366 0.06190427698574334
0 0.39141361256544505 0.16151731160896132 0.11184554973821996 0.07769857433808555
0 0.3050785340314136 0.1573828920570265 0.09321989528795815 0.06823828920570264
0 0.24774869109947645 0.15714867617107942 0.09073298429319371 0.07066191446028512