5 0.22290754257907544 0.9258317580340264 0.0976642335766423 0.08226843100189032
7 0.25883211678832113 0.35791115311909266 0.07216545012165443 0.062277882797731554
7 0.26375912408759117 0.31245746691871457 0.06047445255474457 0.05743856332703212
7 0.20439172749391726 0.3169565217391304 0.07147201946472019 0.05563327032136107
7 0.18816301703163013 0.3538563327032136 0.0761070559610705 0.06462192816635161
7 0.5991484184914841 0.31808128544423436 0.07097323600973254 0.06058601134215503
7 0.6724209245742093 0.31245746691871457 0.06693430656934304 0.05743856332703212
7 0.7367153284671534 0.3111058601134215 0.049574209245742094 0.04933837429111536
7 0.8111435523114355 0.3583553875236295 0.05711678832116794 0.05202268431001887
7 0.7491727493917274 0.36330812854442346 0.06985401459854024 0.051124763705104
7 0.6637226277372262 0.36555765595463136 0.07736009732360115 0.06102079395085061
3 0.7665450121654501 0.30030245746691875 0.06290754257907546 0.060141776937618144
3 0.8114355231143552 0.22019848771266537 0.06697080291970797 0.056568998109640854
3 0.46389294403892944 0.22515122873345936 0.07384428223844287 0.05026465028355388
0 0.6078345498783455 0.16574669187145558 0.08141119221411174 0.07189035916824196
0 0.5412165450121654 0.15810018903591683 0.07559610705596105 0.0673913043478261
0 0.4662043795620438 0.15832703213610586 0.06226277372262767 0.07053875236294896