5 0.7759166666666667 0.921787037037037 0.09557142857142854 0.08059259259259256
7 0.7407619047619047 0.3654351851851852 0.07061904761904754 0.06100925925925925
7 0.7359404761904762 0.3209074074074074 0.05917857142857147 0.0562685185185185
7 0.7940357142857143 0.3253148148148148 0.06994047619047619 0.054500000000000014
7 0.8099166666666667 0.361462962962963 0.07447619047619042 0.06330555555555556
7 0.40773809523809523 0.32641666666666663 0.06945238095238099 0.05935185185185187
7 0.33603571428571427 0.3209074074074074 0.06549999999999997 0.0562685185185185
7 0.2731190476190476 0.31958333333333333 0.04851190476190476 0.048333333333333374
7 0.2002857142857143 0.36587037037037035 0.055892857142857126 0.05096296296296293
7 0.26092857142857145 0.37072222222222223 0.06835714285714288 0.05008333333333336
7 0.34454761904761905 0.37292592592592594 0.075702380952381 0.05977777777777773
3 0.24392857142857144 0.30900000000000005 0.061559523809523786 0.058916666666666666
3 0.2 0.23052777777777775 0.0655357142857143 0.05541666666666666
3 0.5400952380952381 0.23537962962962963 0.07226190476190482 0.049240740740740745
0 0.3992380952380953 0.1771851851851852 0.07966666666666662 0.07042592592592593
0 0.4644285714285714 0.16969444444444445 0.07397619047619046 0.06601851851851853
0 0.5378333333333333 0.16991666666666666 0.06092857142857137 0.06910185185185184