5 0.22169099756691 0.9390642722117202 0.0976642335766423 0.08226843100189032
7 0.2576155717761557 0.3711436672967864 0.07216545012165443 0.062277882797731554
7 0.2625425790754257 0.3256899810964083 0.06047445255474457 0.05743856332703212
7 0.20317518248175181 0.3301890359168242 0.07147201946472019 0.05563327032136107
7 0.18694647201946468 0.36708884688090737 0.0761070559610705 0.06462192816635161
7 0.5979318734793188 0.33131379962192814 0.07097323600973254 0.06058601134215503
7 0.6712043795620438 0.3256899810964083 0.06693430656934304 0.05743856332703212
7 0.7354987834549879 0.3243383742911153 0.049574209245742094 0.04933837429111536
7 0.80992700729927 0.3715879017013232 0.05711678832116794 0.05202268431001887
7 0.747956204379562 0.3765406427221172 0.06985401459854024 0.051124763705104
7 0.6625060827250607 0.37879017013232513 0.07736009732360115 0.06102079395085061
3 0.7653284671532847 0.3135349716446125 0.06290754257907546 0.060141776937618144
3 0.8102189781021898 0.23343100189035915 0.06697080291970797 0.056568998109640854
3 0.462676399026764 0.23838374291115313 0.07384428223844287 0.05026465028355388
0 0.60661800486618 0.17897920604914935 0.08141119221411174 0.07189035916824196
0 0.54 0.1713327032136106 0.07559610705596105 0.0673913043478261
0 0.46498783454987835 0.1715595463137996 0.06226277372262767 0.07053875236294896