0 0.7082294617563739 0.14932967032967032 0.09808781869688385 0.09170329670329676
0 0.6050424929178471 0.15116483516483517 0.1102549575070822 0.10373626373626371
0 0.46441926345609064 0.1642417582417582 0.09206798866855524 0.07129670329670329
7 0.6984419263456091 0.3641098901098901 0.09876770538243629 0.060901098901098856
7 0.8171388101983003 0.36043956043956044 0.06906515580736543 0.07450549450549446
7 0.9243767705382436 0.373 0.08118980169971662 0.055681318681318634
7 0.9236968838526912 0.4258461538461538 0.08793201133144465 0.06929670329670323
7 0.8215297450424929 0.4370879120879121 0.08188385269121805 0.075054945054945
7 0.14811614730878195 0.3667252747252748 0.08269121813031177 0.07450549450549446
7 0.05028328611898017 0.35934065934065934 0.10056657223796034 0.08791208791208792
7 0.043909348441926344 0.4357142857142857 0.08781869688385269 0.08021978021978023
5 0.10906515580736544 0.9802197802197802 0.1274787535410765 0.03956043956043956
3 0.48060906515580737 0.24350549450549447 0.09206798866855524 0.06661538461538462