0 0.6517537313432835 0.20782398452611217 0.0861318407960199 0.0807059961315281
0 0.5611442786069653 0.20943907156673114 0.09681592039800999 0.09129593810444872
0 0.43766169154228857 0.22094777562862666 0.08084577114427861 0.06274661508704062
7 0.6431592039800995 0.39684719535783364 0.08672885572139306 0.05359767891682781
7 0.7473880597014925 0.39361702127659576 0.060646766169154216 0.06557059961315276
7 0.8415547263681592 0.40467117988394585 0.07129353233830837 0.04900386847195354
7 0.9363059701492537 0.45693423597678917 0.07600746268656704 0.07434235976789169
7 0.8409577114427861 0.45117988394584135 0.07721393034825862 0.06098646034816242
7 0.7512437810945274 0.46107350096711797 0.0719029850746268 0.06605415860735005
7 0.15991293532338316 0.3991489361702128 0.0726119402985076 0.06557059961315276
7 0.07286069651741299 0.3931624758220503 0.09039800995024884 0.07754352030947782
7 0.0625 0.46038684719535783 0.08743781094527357 0.0702030947775629
5 0.1246766169154229 0.9562959381044487 0.11230099502487557 0.06760154738878152
3 0.4518781094527363 0.29070599613152803 0.08084577114427861 0.058626692456479695