0 0.3487976190476191 0.19989814814814813 0.08244047619047619 0.07726851851851853
0 0.4355238095238095 0.20144444444444445 0.0926666666666667 0.08740740740740739
0 0.5537142857142857 0.21246296296296294 0.07738095238095238 0.060074074074074044
7 0.3570238095238095 0.38087037037037036 0.08301190476190479 0.05131481481481478
7 0.25726190476190475 0.37777777777777777 0.058047619047619035 0.06277777777777774
7 0.16713095238095235 0.3883611111111111 0.06823809523809524 0.04691666666666663
7 0.07644047619047618 0.43839814814814815 0.07275 0.07117592592592593
7 0.16770238095238096 0.4328888888888889 0.07390476190476189 0.05838888888888884
7 0.25357142857142856 0.4423611111111111 0.06882142857142858 0.0632407407407407
7 0.8195595238095238 0.3830740740740741 0.06950000000000013 0.06277777777777774
7 0.9028809523809523 0.37734259259259256 0.0865238095238096 0.0742407407407408
7 0.912797619047619 0.4417037037037037 0.08369047619047613 0.06721296296296299
5 0.8532857142857143 0.9164907407407407 0.10748809523809519 0.0647222222222223
3 0.6115238095238095 0.9863333333333334 0.07904761904761909 0.027333333333333317
3 0.5401071428571429 0.27925 0.07738095238095238 0.056129629629629633