3 0.3258552631578947 0.38169057377049176 0.0849210526315789 0.0704405737704918
3 0.7766315789473685 0.2589959016393442 0.08494736842105256 0.06765368852459014
3 0.7807105263157895 0.3068032786885246 0.08056578947368423 0.06373975409836069
7 0.7872763157894738 0.3675409836065574 0.0867105263157896 0.057745901639344274
7 0.7036315789473684 0.35778688524590163 0.0810789473684209 0.0714036885245901
7 0.6046447368421052 0.36266393442622946 0.07107894736842103 0.061649590163934384
7 0.6776315789473685 0.41363729508196717 0.08547368421052637 0.05045081967213116
7 0.7769342105263158 0.41877049180327874 0.08482894736842109 0.07825819672131147
7 0.85275 0.41096311475409836 0.10110526315789463 0.0645901639344262
7 0.10596052631578944 0.3621823770491803 0.0887236842105264 0.08604508196721314
0 0.3177105263157895 0.28949795081967217 0.12126315789473695 0.07919057377049177
0 0.5134868421052632 0.19022540983606556 0.10305263157894728 0.08158811475409836
0 0.6112236842105263 0.1865676229508197 0.10302631578947362 0.08012295081967212