3 0.6510493827160494 0.34377884615384613 0.07967901234567897 0.06610576923076923
3 0.22809876543209875 0.22863461538461535 0.07970370370370371 0.06349038461538459
3 0.2242716049382716 0.2735 0.07559259259259261 0.059817307692307725
7 0.2181111111111111 0.3305 0.08135802469135807 0.054192307692307706
7 0.29659259259259263 0.32134615384615384 0.07607407407407409 0.06700961538461533
7 0.38946913580246917 0.3259230769230769 0.06669135802469134 0.05785576923076919
7 0.32098765432098764 0.3737596153846154 0.08019753086419758 0.04734615384615386
7 0.2278148148148148 0.3785769230769231 0.07959259259259256 0.07344230769230768
7 0.15667901234567902 0.37125 0.09486419753086417 0.06061538461538458
7 0.8573703703703704 0.3254711538461539 0.083246913580247 0.08075000000000002
0 0.6586913580246914 0.2572596153846154 0.11377777777777788 0.07431730769230765
0 0.475 0.16409615384615384 0.09669135802469128 0.07656730769230768
0 0.38329629629629636 0.16066346153846153 0.09666666666666661 0.07519230769230768
5 0.9679012345679012 0.9163461538461538 0.06419753086419754 0.07692307692307693