3 0.6373214285714286 0.3588240740740741 0.0768333333333333 0.06365740740740741
3 0.22947619047619047 0.2479444444444444 0.07685714285714286 0.06113888888888886
3 0.22578571428571428 0.29114814814814816 0.07289285714285716 0.05760185185185188
7 0.2198452380952381 0.3460370370370371 0.078452380952381 0.052185185185185196
7 0.2955238095238095 0.3372222222222222 0.07335714285714286 0.06452777777777773
7 0.3850833333333334 0.3416296296296296 0.06430952380952379 0.05571296296296292
7 0.319047619047619 0.38769444444444445 0.07733333333333334 0.0455925925925926
7 0.22920238095238096 0.39233333333333337 0.07674999999999997 0.07072222222222221
7 0.16060714285714286 0.3852777777777778 0.09147619047619046 0.058370370370370336
7 0.8362738095238096 0.34119444444444447 0.0802738095238096 0.07775925925925928
0 0.6446904761904761 0.2755092592592593 0.10971428571428575 0.07156481481481478
0 0.4675595238095238 0.1857962962962963 0.09323809523809516 0.07373148148148148
0 0.3791309523809524 0.18249074074074073 0.09321428571428567 0.07240740740740739
5 0.955952380952381 0.9101851851851852 0.0880952380952381 0.07407407407407407