3 0.5034836065573771 0.5554042553191489 0.1161065573770492 0.09751063829787243
3 0.21726775956284153 0.2955531914893617 0.10771857923497263 0.06972340425531912
3 0.21206284153005464 0.2403404255319149 0.10510928961748633 0.08088297872340422
7 0.19971311475409836 0.35204255319148936 0.08351092896174862 0.0756595744680851
7 0.13012295081967212 0.39990425531914897 0.09781420765027325 0.09239361702127662
7 0.21240437158469944 0.39331914893617026 0.0932786885245902 0.08731914893617025
7 0.29989071038251364 0.40522340425531916 0.09394808743169396 0.08479787234042557
7 0.3057513661202186 0.3533085106382979 0.09785519125683059 0.06401063829787229
7 0.38704918032786884 0.3492553191489362 0.09136612021857923 0.08426595744680855
7 0.9207650273224044 0.36444680851063826 0.10513661202185798 0.08427659574468088
0 0.5054371584699454 0.451063829787234 0.080983606557377 0.07518085106382974
0 0.3851092896174863 0.1651382978723404 0.1264890710382514 0.09687234042553192
0 0.4719398907103825 0.1747659574468085 0.1206557377049181 0.09586170212765958