3 0.4839880952380953 0.514888888888889 0.10117857142857144 0.08487037037037039
3 0.23457142857142857 0.2887222222222222 0.09386904761904757 0.060685185185185155
3 0.23003571428571426 0.24066666666666667 0.09159523809523809 0.07039814814814813
7 0.2192738095238095 0.3378888888888889 0.07277380952380952 0.06585185185185186
7 0.15863095238095237 0.3795462962962963 0.08523809523809525 0.08041666666666669
7 0.23033333333333333 0.3738148148148148 0.08128571428571432 0.07600000000000004
7 0.30657142857142855 0.384175925925926 0.08186904761904759 0.07380555555555558
7 0.3116785714285714 0.33899074074074076 0.08527380952380952 0.05571296296296292
7 0.3825238095238095 0.33546296296296296 0.07961904761904762 0.07334259259259263
7 0.8476190476190476 0.34868518518518515 0.09161904761904766 0.07335185185185188
0 0.48569047619047623 0.42407407407407405 0.07057142857142853 0.06543518518518515
0 0.3808333333333333 0.17521296296296296 0.11022619047619052 0.08431481481481481
0 0.45649999999999996 0.18359259259259259 0.1051428571428572 0.0834351851851852