3 0.5091075794621027 0.5238403041825096 0.1038997555012225 0.08712927756654
3 0.7652322738386309 0.29165399239543727 0.09639364303178473 0.062300380228136845
3 0.7698899755501222 0.242319391634981 0.09405867970660153 0.07227186311787069
7 0.7809413202933985 0.34212927756653994 0.07473105134474341 0.06760456273764259
7 0.8432151589242054 0.3848954372623574 0.08753056234718816 0.08255703422053234
7 0.7695843520782396 0.3790114068441065 0.08347188264058676 0.07802281368821297
7 0.6912958435207824 0.38964828897338405 0.08407090464547676 0.07576996197718634
7 0.6860513447432763 0.3432604562737643 0.08756723716381432 0.05719581749049426
7 0.6133007334963325 0.339638783269962 0.081760391198044 0.07529467680608369
7 0.1356968215158924 0.35321292775665397 0.09408312958435212 0.07530418250950573
0 0.507359413202934 0.4306083650190114 0.0724694376528117 0.06717680608365015
0 0.6150366748166259 0.17512357414448668 0.11319070904645467 0.08655893536121673
0 0.5373349633251834 0.18372623574144487 0.10797066014669933 0.08565589353612169