0 0.6351578947368421 0.14265368852459015 0.08172368421052649 0.08598360655737707
0 0.5299078947368421 0.1431454918032787 0.10430263157894734 0.09086065573770492
0 0.9390131578947368 0.7853483606557377 0.10296052631578947 0.07986680327868857
3 0.9427763157894736 0.8641290983606558 0.09544736842105259 0.05988729508196726
3 0.8350263157894737 0.22580942622950817 0.08246052631578957 0.07154713114754102
3 0.8293815789473685 0.27337090163934424 0.07118421052631597 0.06422131147540978
7 0.9415131578947368 0.3846106557377049 0.09293421052631594 0.08216188524590169
7 0.83 0.39655737704918037 0.08043421052631593 0.0611987704918033
7 0.8315657894736842 0.34289959016393445 0.0948421052631578 0.06312500000000001
7 0.7275657894736842 0.3365573770491804 0.08232894736842097 0.0758094262295082
7 0.7134736842105264 0.39777663934426233 0.08797368421052648 0.061680327868852504
7 0.6298289473684211 0.33875 0.08235526315789478 0.08605532786885246
7 0.030263157894736843 0.336577868852459 0.060526315789473685 0.07684426229508197