0 0.34051150895140664 0.19704771371769383 0.07942455242966753 0.08341948310139166
0 0.4428005115089514 0.1975248508946322 0.10136828644501276 0.08815109343936382
0 0.04731457800511509 0.820079522862823 0.09462915601023018 0.0775347912524851
3 0.043478260869565216 0.8966202783300199 0.08695652173913043 0.05765407554671968
3 0.14626598465473145 0.27772365805168986 0.08014066496163685 0.06941351888667996
3 0.15175191815856776 0.32386679920477135 0.06918158567774939 0.06230616302186874
7 0.043478260869565216 0.43141153081510936 0.08695652173913043 0.07952286282306163
7 0.15115089514066496 0.44337972166998013 0.07817135549872122 0.059373757455268406
7 0.14962915601023016 0.39132206759443344 0.09217391304347824 0.06124254473161035
7 0.25070332480818414 0.38516898608349903 0.08001278772378516 0.07354870775347913
7 0.2643989769820972 0.4445626242544732 0.0854987212276215 0.05984095427435392
7 0.34569053708439895 0.3872962226640159 0.08003836317135554 0.08348906560636184
7 0.9414705882352942 0.38588469184890656 0.08320971867007665 0.07497017892644131