0 0.3479523809523809 0.1983611111111111 0.07394047619047621 0.07770370370370372
0 0.4431785714285714 0.19880555555555557 0.0943690476190476 0.08211111111111112
0 0.07303571428571427 0.7791666666666667 0.0931547619047619 0.07217592592592596
3 0.06963095238095238 0.8503611111111111 0.08635714285714287 0.054120370370370416
3 0.1671190476190476 0.27350925925925923 0.07460714285714287 0.06465740740740744
3 0.17222619047619045 0.31649074074074074 0.06440476190476191 0.05803703703703699
7 0.07077380952380953 0.4170185185185185 0.08408333333333333 0.07425000000000005
7 0.17166666666666666 0.4278148148148148 0.07277380952380952 0.05530555555555557
7 0.17024999999999998 0.3793240740740741 0.0858095238095238 0.05704629629629631
7 0.26434523809523813 0.3735925925925926 0.07448809523809523 0.06850925925925927
7 0.27709523809523806 0.42891666666666667 0.07959523809523811 0.055740740740740785
7 0.3527738095238095 0.37557407407407406 0.07451190476190479 0.07776851851851853
7 0.9074166666666666 0.37425925925925924 0.07746428571428564 0.06983333333333329