7 0.09917690417690418 0.42233269598470363 0.06922604422604423 0.05436902485659656
7 0.18574938574938574 0.4234703632887189 0.06457002457002457 0.07120458891013386
7 0.28577395577395576 0.4225621414913958 0.08213759213759216 0.08394837476099422
7 0.20242014742014744 0.3647514340344168 0.0628132678132678 0.05207456978967498
7 0.27963144963144965 0.3654302103250478 0.06985257985257987 0.06982791586998084
7 0.36824324324324326 0.3665774378585086 0.07162162162162157 0.08120458891013378
7 0.9034643734643734 0.35565009560229444 0.07524570024570025 0.08666347992351814
3 0.5443120393120393 0.2577820267686424 0.08453316953316961 0.06387189292543016
3 0.19568796068796068 0.2577820267686424 0.07977886977886978 0.058403441682600414
3 0.20914004914004916 0.3130879541108987 0.09498771498771498 0.05433078393881457
0 0.36649877149877147 0.1781357552581262 0.09619164619164614 0.09752390057361376
0 0.4592014742014742 0.17493307839388145 0.08570024570024569 0.07634799235181645
0 0.5454791154791154 0.18085086042065007 0.07925061425061423 0.07725621414913958