7 0.9098655256723717 0.4170722433460076 0.06888753056234707 0.05405893536121673
7 0.8237163814180929 0.4182034220532319 0.06425427872860628 0.07079847908745249
7 0.7241809290953545 0.41730038022813687 0.08173594132029327 0.08346958174904938
7 0.8071271393643032 0.35981939163498095 0.06250611246943778 0.05177756653992398
7 0.7302933985330073 0.3604942965779468 0.06951100244498765 0.06942965779467677
7 0.6421149144254279 0.36163498098859315 0.07127139364303173 0.0807414448669201
7 0.10951100244498782 0.3507699619771863 0.07487775061124695 0.08616920152091252
3 0.4669070904645477 0.25346007604562737 0.08411980440097806 0.06350760456273759
3 0.8138264058679707 0.25346007604562737 0.07938875305623479 0.05807034220532322
3 0.800440097799511 0.30845057034220535 0.094523227383863 0.054020912547528555
0 0.6438508557457213 0.17426806083650193 0.09572127139364298 0.09696768060836501
0 0.551601466992665 0.17108365019011407 0.08528117359413202 0.07591254752851713
0 0.4657457212713937 0.176967680608365 0.07886308068459656 0.07681558935361217