7 0.09967857142857144 0.42385185185185187 0.06708333333333333 0.05265740740740741
7 0.18357142857142855 0.42495370370370367 0.06257142857142857 0.06896296296296298
7 0.2805 0.42407407407407405 0.07959523809523811 0.0813055555555555
7 0.1997261904761905 0.3680833333333333 0.060869047619047614 0.05043518518518521
7 0.27454761904761904 0.36874074074074076 0.0676904761904762 0.0676296296296296
7 0.36041666666666666 0.3698518518518519 0.06940476190476184 0.07864814814814809
7 0.8790714285714285 0.3592685185185185 0.07291666666666667 0.08393518518518517
3 0.5310357142857143 0.2644814814814815 0.08191666666666673 0.06186111111111109
3 0.19320238095238093 0.2644814814814815 0.0773095238095238 0.056564814814814846
3 0.20623809523809525 0.3180462962962963 0.09204761904761904 0.05262037037037041
0 0.3587261904761905 0.18734259259259262 0.09321428571428567 0.09445370370370369
0 0.44855952380952385 0.18424074074074073 0.08304761904761904 0.07394444444444445
0 0.5321666666666667 0.1899722222222222 0.07679761904761903 0.07482407407407407