0 0.6702493074792244 0.19671336206896553 0.07883656509695285 0.08144396551724137
0 0.5809002770083103 0.2044073275862069 0.09530470914127433 0.08451508620689656
0 0.48757617728531855 0.19517241379310346 0.08011080332409977 0.07836206896551727
3 0.5017451523545706 0.27137931034482754 0.10256232686980603 0.08019396551724134
3 0.8202770083102493 0.2729094827586207 0.08347645429362878 0.05832974137931034
3 0.8380886426592798 0.3180495689655172 0.08743767313019374 0.06242456896551719
7 0.8252216066481993 0.3678232758620689 0.06963988919667587 0.0572737068965517
7 0.915567867036011 0.41707974137931036 0.07939058171745143 0.08434267241379309
7 0.8245567867036012 0.42683189655172415 0.07149584487534642 0.07101293103448274
7 0.7342105263157895 0.4278556034482759 0.08074792243767306 0.08127155172413789
7 0.7447645429362881 0.3665517241379311 0.07019390581717429 0.07149784482758623
7 0.6613434903047092 0.3745043103448276 0.08142659279778389 0.08330818965517248
7 0.16706371191135735 0.3644935344827586 0.08613573407202224 0.09407327586206891