0 0.3881904761904762 0.17828703703703705 0.06776190476190472 0.06998148148148146
0 0.4649880952380952 0.18489814814814814 0.08191666666666673 0.07262037037037038
0 0.5452023809523809 0.17696296296296296 0.0688571428571429 0.06733333333333336
3 0.5330238095238096 0.24244444444444443 0.08815476190476185 0.06890740740740739
3 0.2592380952380952 0.24375925925925926 0.07174999999999998 0.050120370370370364
3 0.24392857142857144 0.2825462962962963 0.0751547619047619 0.05363888888888884
7 0.25498809523809524 0.3253148148148148 0.059857142857142824 0.049212962962962944
7 0.17733333333333334 0.3676388888888889 0.06823809523809524 0.0724722222222222
7 0.2555595238095238 0.37601851851851853 0.06145238095238096 0.0610185185185185
7 0.3332142857142857 0.37689814814814815 0.06940476190476189 0.06983333333333329
7 0.3241428571428571 0.32422222222222224 0.06033333333333331 0.061435185185185204
7 0.3958452380952381 0.33105555555555555 0.0699880952380952 0.07158333333333339
7 0.8206904761904762 0.3224537037037037 0.07403571428571436 0.08083333333333328