0 0.3115642458100558 0.2012472885032538 0.07949720670391056 0.08197396963123643
0 0.40166201117318434 0.20899132321041214 0.09610335195530735 0.0850650759219089
0 0.49576815642458105 0.19969631236442517 0.08078212290502798 0.07887201735357921
3 0.4814804469273743 0.2763991323210412 0.10342178770949714 0.08071583514099778
3 0.16027932960893854 0.27793926247288503 0.08417597765363126 0.058709327548806936
3 0.14231843575418995 0.32337310195227764 0.08817039106145251 0.06283080260303682
7 0.15529329608938547 0.37347071583514097 0.0702234636871508 0.05764642082429498
7 0.06418994413407822 0.4230477223427332 0.0800558659217877 0.08489154013015182
7 0.15596368715083797 0.43286334056399134 0.07209497206703912 0.0714750542299349
7 0.24706703910614522 0.43389370932754884 0.08142458100558653 0.08180043383947935
7 0.23642458100558655 0.3721908893709328 0.07078212290502786 0.07196312364425166
7 0.32054469273743014 0.38019522776572673 0.08210893854748598 0.08385032537960961
7 0.8189664804469273 0.37011930585683295 0.08685754189944142 0.0946854663774403