5 0.7339294403892943 0.9211436672967864 0.09291970802919722 0.0800189035916825
7 0.9671532846715328 0.43761814744801514 0.06569343065693431 0.08128544423440454
7 0.8616423357664234 0.43400756143667296 0.09463503649635031 0.06320415879017013
7 0.8651216545012166 0.3824858223062382 0.07378345498783438 0.07173913043478258
7 0.7698418491484185 0.44210775047258977 0.08828467153284664 0.06320415879017002
7 0.7605717761557178 0.39081285444234404 0.0905961070559611 0.07939508506616257
7 0.6615206812652068 0.3833837429111531 0.08019464720194656 0.0753402646502836
7 0.0790875912408759 0.3788846880907373 0.08669099756690997 0.08973534971644617
3 0.47094890510948906 0.26143667296786394 0.08834549878345499 0.06539697542533086
3 0.8607785888077858 0.26615311909262757 0.08941605839416059 0.05864839319470695
3 0.8645498783454988 0.3246597353497164 0.08652068126520696 0.05506616257088846
0 0.6618126520681266 0.19707939508506617 0.08424574209245742 0.08607750472589785
0 0.5685644768856448 0.20224007561436672 0.0953041362530414 0.09437618147448013
0 0.46400243309002437 0.18986767485822306 0.09933090024330897 0.0831285444234405