5 0.27822619047619046 0.9162685185185185 0.09092857142857139 0.07838888888888897
7 0.04242857142857143 0.4430277777777778 0.07954761904761903 0.08043518518518514
7 0.15325 0.4390555555555556 0.09260714285714289 0.06191666666666667
7 0.1498452380952381 0.38858333333333334 0.07220238095238095 0.07027777777777776
7 0.24308333333333332 0.44699074074074074 0.08639285714285713 0.06191666666666662
7 0.2521547619047619 0.3967407407407408 0.08865476190476193 0.07777777777777778
7 0.34908333333333336 0.38946296296296296 0.07847619047619042 0.07380555555555558
7 0.9190357142857143 0.3850555555555556 0.08483333333333332 0.08790740740740746
3 0.5355714285714286 0.27 0.08645238095238096 0.06406481481481487
3 0.1540952380952381 0.27462037037037035 0.0875 0.05745370370370366
3 0.1504047619047619 0.33193518518518517 0.08466666666666667 0.053944444444444434
0 0.3487976190476191 0.2069537037037037 0.08244047619047619 0.08432407407407404
0 0.440047619047619 0.21200925925925926 0.0932619047619048 0.09245370370370368
0 0.5423690476190476 0.1998888888888889 0.09720238095238093 0.08143518518518521