5 0.7362958435207824 0.9387547528517111 0.09337408312958448 0.08047528517110274
7 0.9688264058679706 0.4524714828897338 0.06234718826405868 0.0817490494296578
7 0.8646332518337408 0.44884030418250953 0.0950977995110024 0.06356463878326997
7 0.8681295843520782 0.39702471482889734 0.07414425427872844 0.072148288973384
7 0.7723838630806845 0.45698669201520914 0.08871638141809284 0.06356463878326986
7 0.7630684596577018 0.40539923954372625 0.091039119804401 0.07984790874524715
7 0.6635330073349633 0.3979277566539924 0.08058679706601476 0.07576996197718634
7 0.07825183374083128 0.39340304182509506 0.08711491442542786 0.09024714828897344
3 0.47202933985330076 0.2752851711026616 0.08877750611246944 0.06576996197718636
3 0.8637652811735941 0.28002851711026616 0.08985330073349633 0.05898288973384026
3 0.8675550122249388 0.3388688212927757 0.08694376528117374 0.05538022813688212
0 0.6638264058679707 0.21056083650190113 0.08465770171149144 0.08656844106463872
0 0.5701222493887531 0.21575095057034221 0.0957701711491443 0.09491444866920148
0 0.46504889975550123 0.20330798479087453 0.09981662591687039 0.08360266159695821