7 0.9329562043795621 0.43387523629489605 0.076654501216545 0.06185255198487707
7 0.8498296836982968 0.44759924385633265 0.08072992700729943 0.0749054820415879
7 0.7487591240875913 0.4480529300567108 0.0627980535279804 0.06320415879017013
7 0.6621532846715328 0.44107750472589796 0.06687347931873483 0.06365784499054823
7 0.6482603406326034 0.39 0.06687347931873483 0.06049149338374291
7 0.8414355231143552 0.39045368620037807 0.0674087591240877 0.05418714555765599
7 0.2743552311435523 0.3837051039697542 0.06637469586374689 0.05148393194706997
7 0.19152068126520674 0.44130434782608696 0.07450121654501218 0.06590737240075616
7 0.08464720194647207 0.4422022684310019 0.0727858880778588 0.058705103969754265
7 0.07566909975669105 0.37829867674858225 0.09305352798053529 0.0784877126654064
3 0.2778223844282238 0.26805293005671077 0.08722627737226282 0.061342155009451775
3 0.8449026763990267 0.27884688090737236 0.08131386861313886 0.05054820415879019
3 0.8477980535279805 0.32812854442344047 0.0871046228710464 0.05191871455576555
0 0.6497080291970803 0.1949243856332703 0.08714111922141132 0.06447069943289223
0 0.4773722627737226 0.19402646502835538 0.08660583941605846 0.07706994328922497