7 0.07312652068126521 0.42253308128544426 0.076654501216545 0.06185255198487707
7 0.1562530413625304 0.43625708884688086 0.08072992700729929 0.0749054820415879
7 0.25732360097323603 0.436710775047259 0.06279805352798054 0.06320415879017013
7 0.3439294403892944 0.42973534971644617 0.06687347931873483 0.06365784499054823
7 0.35782238442822384 0.3786578449905482 0.06687347931873483 0.06049149338374291
7 0.16464720194647203 0.3791115311909263 0.06740875912408763 0.05418714555765599
7 0.731727493917275 0.3723629489603024 0.06637469586374689 0.05148393194706997
7 0.8145620437956205 0.4299621928166351 0.07450121654501218 0.06590737240075616
7 0.9214355231143552 0.4308601134215501 0.0727858880778588 0.058705103969754265
7 0.9304136253041362 0.36695652173913046 0.09305352798053529 0.0784877126654064
3 0.7282603406326034 0.256710775047259 0.08722627737226282 0.061342155009451775
3 0.1611800486618005 0.26750472589792057 0.08131386861313873 0.05054820415879019
3 0.15828467153284673 0.3167863894139887 0.08710462287104626 0.05191871455576555
0 0.356374695863747 0.1835822306238185 0.08714111922141118 0.06447069943289223
0 0.5287104622871046 0.1826843100189036 0.08660583941605846 0.07706994328922497