7 0.07870238095238095 0.4278148148148148 0.07501190476190475 0.06059259259259254
7 0.16004761904761905 0.4412592592592592 0.07900000000000001 0.07337962962962957
7 0.258952380952381 0.4417037037037037 0.06145238095238096 0.06191666666666667
7 0.3437023809523809 0.4348703703703704 0.06544047619047623 0.06236111111111113
7 0.35729761904761903 0.38483333333333336 0.06544047619047623 0.05925925925925926
7 0.16826190476190478 0.3852777777777778 0.06596428571428573 0.05308333333333337
7 0.7231904761904762 0.37866666666666665 0.06495238095238089 0.05043518518518521
7 0.80425 0.4350925925925926 0.07290476190476192 0.06456481481481482
7 0.9088333333333333 0.43597222222222226 0.07122619047619039 0.057509259259259274
7 0.9176190476190476 0.37337037037037035 0.09105952380952383 0.07688888888888885
3 0.7197976190476191 0.26537037037037037 0.08535714285714291 0.06009259259259257
3 0.16486904761904764 0.27594444444444444 0.0795714285714286 0.04951851851851854
3 0.1620357142857143 0.32422222222222224 0.08523809523809525 0.050861111111111065
0 0.35588095238095235 0.19373148148148148 0.08527380952380952 0.06315740740740738
0 0.5245238095238095 0.19285185185185186 0.08475000000000006 0.07550000000000003