5 0.27313095238095236 0.9147314814814813 0.1011309523809524 0.073537037037037
7 0.3624047619047619 0.37205555555555553 0.06884523809523814 0.07424074074074069
7 0.26178571428571434 0.3751296296296296 0.08705952380952384 0.06418518518518512
7 0.1716547619047619 0.3799722222222222 0.0972857142857143 0.06330555555555556
7 0.8790714285714285 0.3773333333333333 0.07672619047619053 0.052722222222222274
3 0.5420952380952381 0.2719814814814815 0.07680952380952379 0.052166666666666694
3 0.17760714285714285 0.2708703703703704 0.058166666666666686 0.04350000000000002
3 0.18469047619047618 0.32178703703703704 0.09614285714285713 0.052740740740740776
0 0.35927380952380955 0.19482407407407407 0.08477380952380957 0.07394444444444445
0 0.43466666666666665 0.19724074074074074 0.09269047619047621 0.07086111111111114
0 0.5486071428571428 0.20033333333333334 0.0824642857142857 0.0770277777777778