0 0.36969273743016756 0.09082429501084599 0.09079608938547484 0.08765726681127982
0 0.5375977653631285 0.0952169197396963 0.06350558659217881 0.08094360086767895
3 0.1691899441340782 0.1762906724511931 0.09283519553072629 0.06335140997830799
3 0.18649441340782122 0.2220065075921909 0.11198324022346369 0.05904555314533616
3 0.7125 0.16468546637744033 0.09747206703910609 0.08690889370932754
7 0.7178212290502793 0.2759652928416486 0.11874301675977651 0.08436008676789584
7 0.34939944134078216 0.27776572668112803 0.10210893854748605 0.06486984815618216
7 0.17251396648044695 0.28498915401301517 0.09150837988826813 0.06073752711496746
7 0.08406424581005587 0.348763557483731 0.08222067039106146 0.055032537960954454
7 0.1884776536312849 0.3521366594360087 0.07607541899441345 0.08387201735357921
7 0.27759776536312847 0.33895878524945766 0.057472067039106116 0.057537960954446805
7 0.38 0.34851409978308023 0.07611731843575419 0.060119305856832915
7 0.8129189944134078 0.34542299349240785 0.05625698324022343 0.0911062906724512
7 0.9060195530726257 0.33921908893709324 0.07755586592178768 0.07250542299349243
7 0.9053491620111732 0.27957700650759215 0.09484636871508391 0.05854663774403473