0 0.6436197916666667 0.1890080971659919 0.08464843749999999 0.08180161943319837
0 0.4870833333333333 0.1931072874493927 0.0592057291666667 0.07553643724696356
3 0.830546875 0.26876518218623485 0.0865494791666667 0.05911943319838053
3 0.8144140625 0.3114271255060729 0.10440104166666675 0.05510121457489873
3 0.3240234375 0.25793522267206476 0.09087239583333329 0.08110323886639675
7 0.31906249999999997 0.3617813765182186 0.11070312499999997 0.07872469635627527
7 0.6625390624999999 0.3634615384615385 0.09519531250000002 0.06053643724696351
7 0.8274479166666667 0.37020242914979756 0.08531249999999997 0.05668016194331984
7 0.9099088541666666 0.4297165991902834 0.07665364583333319 0.051356275303643735
7 0.8125651041666666 0.43286437246963566 0.0709244791666667 0.07826923076923081
7 0.7294791666666667 0.42056680161943316 0.053580729166666785 0.053694331983805625
7 0.6340104166666668 0.4294838056680162 0.07096354166666667 0.05610323886639671
7 0.2304036458333334 0.4265991902834008 0.05244791666666663 0.08502024291497975
7 0.14360677083333329 0.42080971659919025 0.07230468749999996 0.06766194331983807
7 0.1442317708333333 0.3651518218623482 0.08842447916666678 0.05463562753036439