0 0.3913095238095238 0.1793888888888889 0.07739285714285714 0.07483333333333332
0 0.5344285714285715 0.18313888888888888 0.05413095238095241 0.06910185185185184
3 0.22040476190476188 0.2523518518518519 0.07913095238095241 0.0540833333333333
3 0.2351547619047619 0.29137962962962966 0.09545238095238096 0.05040740740740735
3 0.6835119047619047 0.24244444444444443 0.08308333333333329 0.07419444444444444
7 0.6880476190476191 0.33744444444444444 0.10121428571428569 0.0720185185185185
7 0.37401190476190477 0.3389814814814815 0.0870357142857143 0.05537962962962958
7 0.22323809523809526 0.34514814814814815 0.07799999999999997 0.05185185185185185
7 0.14784523809523809 0.3995925925925926 0.07008333333333334 0.04698148148148149
7 0.23684523809523808 0.40247222222222223 0.06484523809523812 0.07160185185185189
7 0.3128095238095238 0.3912222222222222 0.04898809523809521 0.04912037037037033
7 0.40009523809523806 0.39937962962962964 0.06488095238095239 0.05132407407407403
7 0.7691071428571428 0.3967407407407408 0.04795238095238092 0.07777777777777778
7 0.8484642857142858 0.39144444444444443 0.06610714285714282 0.06189814814814817
7 0.8478928571428571 0.34052777777777776 0.08084523809523819 0.0499814814814815