0 0.6084699453551913 0.10423404255319148 0.08426229508196714 0.08799999999999997
0 0.4038934426229508 0.10752127659574467 0.09918032786885249 0.09154255319148938
3 0.20322404371584699 0.18957446808510636 0.0750819672131148 0.06112765957446813
3 0.8159562841530055 0.1835 0.0830054644808743 0.055042553191489374
3 0.8205191256830601 0.25111702127659574 0.0739071038251368 0.053499999999999964
7 0.8218169398907103 0.31088297872340426 0.07129781420765034 0.04538297872340422
7 0.9106010928961747 0.3627978723404255 0.08498633879781425 0.07322340425531919
7 0.8172677595628416 0.3711595744680851 0.0647950819672132 0.06258510638297876
7 0.7222950819672131 0.3671063829787234 0.07519125683060104 0.06663829787234041
7 0.6084562841530055 0.30429787234042555 0.06404371584699453 0.05652127659574468
7 0.5974043715846995 0.3767340425531915 0.07314207650273219 0.06156382978723405
7 0.21752732240437161 0.30886170212765957 0.0706284153005465 0.06563829787234048
7 0.12808743169398906 0.3716595744680851 0.0830054644808743 0.08790425531914893
7 0.01639344262295082 0.3127659574468085 0.03278688524590164 0.08723404255319149
7 0.025956284153005466 0.36861702127659574 0.05191256830601093 0.05638297872340425
5 0.7226092896174864 0.9455425531914893 0.10109289617486339 0.0895638297872341