0 0.36380952380952386 0.19349999999999998 0.07342857142857137 0.07659259259259256
0 0.5420833333333334 0.1963611111111111 0.08642857142857145 0.07967592592592594
3 0.716952380952381 0.2677777777777778 0.06542857142857147 0.05320370370370374
3 0.183 0.26249074074074075 0.07233333333333332 0.04790740740740741
3 0.17902380952380953 0.3213425925925926 0.06440476190476191 0.04656481481481478
7 0.17789285714285716 0.37336111111111114 0.06213095238095238 0.03949999999999997
7 0.10052380952380952 0.41854629629629625 0.07405952380952383 0.06373148148148151
7 0.18185714285714286 0.4258240740740741 0.056464285714285724 0.05447222222222226
7 0.26461904761904764 0.4222962962962963 0.06552380952380955 0.05799999999999999
7 0.3638214285714286 0.36762962962962964 0.0558095238095238 0.04919444444444444
7 0.3734523809523809 0.4306759259259259 0.06373809523809519 0.05358333333333334
7 0.7044880952380952 0.37160185185185185 0.0615476190476191 0.05712962962962967
7 0.7824285714285715 0.4262592592592593 0.07233333333333332 0.07650925925925925
7 0.8898452380952381 0.37556481481481485 0.04684523809523799 0.07564814814814819
7 0.8867261904761905 0.4242777777777778 0.0746190476190477 0.04874074074074073
5 0.26434523809523813 0.92575 0.0880952380952381 0.07795370370370376