0 0.37480719794344475 0.19498 0.07928020565552693 0.08271999999999997
0 0.5672879177377892 0.19807 0.09331619537275067 0.08605000000000002
3 0.7560925449871465 0.2752 0.07064267352185094 0.05746000000000004
3 0.17958868894601543 0.26949 0.07809768637532133 0.05174000000000001
3 0.1752956298200514 0.33305 0.06953727506426738 0.05028999999999997
7 0.1740745501285347 0.38923 0.06708226221079691 0.04265999999999997
7 0.09053984575835475 0.43803 0.07996143958868895 0.06883000000000004
7 0.17835475578406168 0.44589 0.06096401028277636 0.05883000000000004
7 0.26771208226221077 0.44208 0.07074550128534707 0.06263999999999999
7 0.37482005141388175 0.38304000000000005 0.06025706940874036 0.05313
7 0.38521850899742927 0.45113 0.0688174807197943 0.057870000000000005
7 0.7426349614395886 0.38733 0.06645244215938309 0.061700000000000046
7 0.8267866323907456 0.44636000000000003 0.07809768637532133 0.08263
7 0.9427634961439589 0.39161 0.05057840616966569 0.08170000000000005
7 0.9393958868894602 0.44422 0.08056555269922887 0.052639999999999985
5 0.26735218508997427 0.9715 0.09511568123393316 0.057