0 0.6410705596107057 0.1950094517958412 0.0952554744525547 0.07752362948960301
0 0.45454987834549876 0.1995085066162571 0.09065693430656932 0.07392249527410207
5 0.4968369829683698 0.9361814744801512 0.10571776155717759 0.08047258979206037
3 0.9312773722627737 0.2894990548204159 0.08900243309002442 0.07364839319470695
3 0.8076155717761557 0.35340264650283554 0.06871046228710465 0.05562381852551987
3 0.28802919708029195 0.2739792060491493 0.09291970802919722 0.061502835538752305
7 0.2912043795620438 0.3709640831758034 0.08374695863746949 0.05508506616257086
7 0.6526520681265207 0.3662381852551985 0.09756690997566915 0.08343100189035915
7 0.8368613138686131 0.37816635160680534 0.06973236009732352 0.05148393194706997
7 0.9179562043795619 0.43734404536862004 0.07897810218978112 0.06545368620037807
7 0.8272992700729926 0.4350945179584121 0.061046228710462364 0.059149338374291156
7 0.7239051094890511 0.42722117202268434 0.0871289537712894 0.06139886578449909
7 0.1959245742092457 0.43082230623818524 0.0773965936739658 0.07580340264650288
7 0.09976885644768856 0.4402646502835539 0.0727858880778588 0.06770321361058601
7 0.09861313868613132 0.37230623818525516 0.07046228710462296 0.05562381852551987
1 0.8125304136253041 0.38041587901701324 0.05582725060827263 0.05238185255198484