0 0.321586402266289 0.18276923076923077 0.11090651558073648 0.09013186813186812
0 0.5387535410764873 0.188 0.1055524079320113 0.08594505494505492
3 0.017705382436260624 0.2923076923076923 0.03541076487252125 0.08571428571428572
3 0.1276770538243626 0.3669230769230769 0.08000000000000003 0.0646703296703297
3 0.7326345609065156 0.2745824175824176 0.10818696883852706 0.07150549450549444
7 0.7289376770538244 0.38734065934065937 0.09750708215297439 0.06404395604395602
7 0.3081019830028328 0.3818461538461539 0.11359773371104823 0.09699999999999998
7 0.09362606232294617 0.39571428571428574 0.08118980169971671 0.059857142857142887
7 0.021954674220963172 0.4642857142857143 0.043909348441926344 0.07582417582417582
7 0.10475920679886687 0.46190109890109887 0.07107648725212466 0.06876923076923082
7 0.22514164305949008 0.45274725274725275 0.10144475920679888 0.07138461538461542
7 0.839872521246459 0.45693406593406594 0.09011331444759191 0.08813186813186819
7 0.9518271954674221 0.46791208791208794 0.08474504249291774 0.07871428571428571
7 0.953172804532578 0.38890109890109886 0.08203966005665733 0.0646703296703297
1 0.12195467422096316 0.39832967032967037 0.06499999999999997 0.060901098901098856