0 0.36552380952380953 0.1965925925925926 0.09321428571428567 0.07594444444444443
0 0.5480476190476191 0.201 0.08871428571428569 0.07241666666666664
5 0.5066666666666667 0.9226666666666666 0.10345238095238092 0.07883333333333332
3 0.08153571428571428 0.2891574074074074 0.08709523809523809 0.07214814814814811
3 0.20254761904761903 0.3517592592592592 0.06723809523809526 0.05449074074074076
3 0.711 0.2739537037037037 0.09092857142857155 0.06024999999999994
7 0.7078928571428571 0.368962962962963 0.08195238095238086 0.053962962962962935
7 0.35419047619047617 0.36433333333333334 0.09547619047619053 0.08173148148148146
7 0.17392857142857143 0.37601851851851853 0.06823809523809524 0.05043518518518521
7 0.09457142857142857 0.43399074074074073 0.0772857142857143 0.06412037037037037
7 0.1832857142857143 0.431787037037037 0.05973809523809524 0.05794444444444448
7 0.2844642857142857 0.42407407407407405 0.08526190476190476 0.06014814814814818
7 0.8011309523809524 0.42760185185185184 0.0757380952380951 0.0742592592592593
7 0.8952261904761905 0.4368518518518519 0.07122619047619039 0.06632407407407406
7 0.896357142857143 0.37027777777777776 0.06895238095238104 0.05449074074074076
1 0.19773809523809524 0.37822222222222224 0.05463095238095236 0.05131481481481478