0 0.42828418230563003 0.16550104384133613 0.09160857908847189 0.1101983298538622
0 0.6596514745308312 0.15307933194154488 0.13687667560321704 0.09132567849686848
5 0.18833780160857908 0.9744258872651357 0.12198391420911528 0.0511482254697286
3 0.4563806970509383 0.7589144050104384 0.0896514745308311 0.10469728601252605
3 0.7378552278820376 0.23410229645093944 0.08588471849865943 0.08065762004175363
7 0.2591554959785523 0.3319937369519833 0.0827077747989276 0.06144050104384135
7 0.17936997319034853 0.3861691022964509 0.07635388739946378 0.062421711899791184
7 0.26235924932975874 0.3911482254697286 0.08706434316353887 0.08270354906054282
7 0.3434182305630027 0.3861795407098121 0.10112600536193021 0.08070981210855956
7 0.7416890080428954 0.3290187891440501 0.09355227882037528 0.07572025052192063
7 0.8205093833780162 0.3861795407098121 0.08526809651474518 0.08070981210855956
7 0.9038069705093834 0.3846868475991649 0.09868632707774784 0.0896555323590814
7 0.9271045576407507 0.33101252609603343 0.12486595174262746 0.08367432150313149
1 0.36223860589812334 0.9467745302713987 0.0902815013404826 0.06897703549060535