0 0.4017857142857143 0.18291666666666667 0.08135714285714289 0.09774999999999999
0 0.6072619047619048 0.17189814814814816 0.12155952380952376 0.08100925925925927
5 0.1895238095238095 0.911425925925926 0.10848809523809523 0.0669259259259259
3 0.4267380952380952 0.7092962962962963 0.07961904761904762 0.09287037037037033
3 0.6767142857142858 0.2437685185185185 0.07627380952380945 0.07154629629629627
7 0.2515833333333333 0.33060185185185187 0.07345238095238094 0.054500000000000014
7 0.18072619047619048 0.3786574074074074 0.0678095238095238 0.05537037037037033
7 0.25442857142857145 0.3830740740740741 0.07732142857142855 0.07336111111111113
7 0.3264166666666667 0.37866666666666665 0.08980952380952377 0.07159259259259264
7 0.6801190476190475 0.32796296296296296 0.08308333333333329 0.06716666666666664
7 0.7501190476190477 0.37866666666666665 0.07572619047619036 0.07159259259259264
7 0.8240952380952381 0.37734259259259256 0.08764285714285701 0.07952777777777777
7 0.8447857142857143 0.3297314814814815 0.11089285714285725 0.07422222222222219
1 0.3431309523809524 0.8759351851851852 0.08017857142857146 0.06118518518518512