0 0.5820610687022901 0.14382411067193676 0.08694656488549622 0.10431818181818181
0 0.36246819338422387 0.13206521739130436 0.12991094147582685 0.08645256916996048
5 0.8089058524173027 0.9212845849802371 0.11594147582697215 0.07142292490118575
3 0.5553944020356234 0.7055731225296442 0.08508905852417302 0.09911067193675885
3 0.28824427480916026 0.20876482213438732 0.0815139949109414 0.07635375494071145
7 0.7425826972010178 0.3014328063241107 0.07849872773536902 0.058162055335968396
7 0.8183078880407125 0.3527173913043478 0.07246819338422396 0.05909090909090905
7 0.7395419847328244 0.3574308300395257 0.0826335877862596 0.07829051383399212
7 0.6626081424936386 0.3527272727272727 0.09597964376590337 0.07640316205533602
7 0.2846055979643766 0.29861660079051383 0.08879134860050886 0.07167984189723317
7 0.20979643765903305 0.3527272727272727 0.08092875318066145 0.07640316205533602
7 0.13073791348600508 0.35131422924901184 0.09366412213740444 0.08487154150197627
7 0.10862595419847328 0.30050395256916995 0.11851145038167951 0.07920948616600787
1 0.6447455470737913 0.8834090909090909 0.08568702290076324 0.06529644268774697