5 0.35570895522388063 0.9220793036750483 0.10922885572139296 0.07635396518375247
1 0.5268656716417911 0.8007446808510639 0.051231343283582156 0.056508704061895614
1 0.5132338308457711 0.7678143133462282 0.04945273631840795 0.057234042553191554
1 0.4771144278606965 0.5875531914893617 0.06248756218905474 0.04762088974854933
1 0.5108706467661691 0.697147001934236 0.04767412935323388 0.053713733075435165
1 0.4480970149253731 0.6655996131528047 0.06130597014925369 0.057263056092843365
1 0.5994029850746269 0.3665280464216635 0.05184079601990044 0.0642746615087041
1 0.551728855721393 0.6126402321083172 0.05123134328358202 0.06188588007736945
1 0.43980099502487563 0.4116537717601547 0.054763681592039766 0.05504835589941969
1 0.4785945273631841 0.6225435203094778 0.0589179104477612 0.056818181818181816
1 0.3983457711442786 0.3962282398452611 0.061318407960198947 0.06564796905222436
1 0.3865049751243781 0.4646034816247582 0.058955223880596985 0.05042553191489371
1 0.4546144278606965 0.500522243713733 0.05358208955223886 0.06699226305609282
3 0.33437810945273627 0.3658413926499033 0.09686567164179104 0.07117988394584142
3 0.2526616915422885 0.4176402321083172 0.0968781094527363 0.08359767891682779
3 0.18781094527363185 0.4646034816247582 0.0844651741293532 0.08357833655706003
3 0.14073383084577115 0.5265377176015474 0.08624378109452734 0.06651837524177948
3 0.16323383084577114 0.6027466150870406 0.07440298507462685 0.06143133462282397
7 0.6920771144278607 0.3499516441005803 0.08731343283582095 0.06980657640232114
7 0.7672885572139303 0.4068181818181818 0.08138059701492545 0.07577369439071568
7 0.8422139303482586 0.467137330754352 0.07794776119402994 0.07482591876208887
7 0.9044029850746268 0.5237717601547389 0.07440298507462678 0.07757253384912963
7 0.8733084577114427 0.6117214700193423 0.07616915422885573 0.08214700193423603