5 0.3428452380952381 0.9189166666666666 0.104547619047619 0.07310185185185189
1 0.5066666666666667 0.8027500000000001 0.04903571428571435 0.05410185185185191
1 0.4936190476190476 0.7712222222222221 0.047333333333333324 0.05479629629629636
1 0.4590476190476191 0.5986388888888888 0.05980952380952382 0.0455925925925926
1 0.4913571428571429 0.7035648148148148 0.04563095238095243 0.05142592592592589
1 0.4312738095238095 0.6733611111111111 0.058678571428571386 0.05482407407407411
1 0.5760952380952381 0.3870277777777778 0.04961904761904756 0.06153703703703707
1 0.5304642857142857 0.6226574074074074 0.04903571428571422 0.05925000000000001
1 0.42333333333333334 0.43023148148148144 0.05241666666666663 0.05270370370370366
1 0.4604642857142857 0.6321388888888889 0.05639285714285715 0.05439814814814815
1 0.3836547619047619 0.415462962962963 0.05869047619047613 0.06285185185185185
1 0.3723214285714286 0.4809259259259259 0.056428571428571404 0.048277777777777815
1 0.43751190476190477 0.5153148148148148 0.05128571428571434 0.06413888888888887
3 0.3224285714285714 0.38637037037037036 0.09271428571428571 0.06814814814814817
3 0.2442142857142857 0.43596296296296294 0.09272619047619046 0.08003703703703698
3 0.18214285714285713 0.4809259259259259 0.08084523809523808 0.08001851851851853
3 0.13708333333333333 0.5402222222222223 0.08254761904761904 0.06368518518518516
3 0.15861904761904763 0.6131851851851852 0.0712142857142857 0.0588148148148148
7 0.664797619047619 0.37115740740740744 0.08357142857142863 0.0668333333333334
7 0.7367857142857143 0.42560185185185184 0.07789285714285722 0.07254629629629632
7 0.8085 0.4833518518518518 0.07460714285714294 0.07163888888888884
7 0.8680238095238095 0.5375740740740741 0.07121428571428563 0.07426851851851855
7 0.8382619047619048 0.6217777777777778 0.07290476190476192 0.0786481481481482