5 0.33984107579462103 0.9329182509505703 0.1073594132029339 0.07504752851711032
1 0.5080684596577018 0.8136596958174905 0.05035452322738393 0.0555418250950571
1 0.49466992665036674 0.7812927756653992 0.04860635696821515 0.05625475285171109
1 0.45916870415647926 0.6041159695817491 0.06141809290953546 0.04680608365019012
1 0.4923471882640587 0.7118346007604563 0.0468581907090465 0.052794676806083615
1 0.4306479217603912 0.6808269961977187 0.060256723716381376 0.056283269961977224
1 0.5793643031784841 0.3868726235741445 0.05095354523227378 0.06317490494296582
1 0.5325061124694376 0.6287737642585551 0.05035452322738379 0.06082699619771864
1 0.4224938875305624 0.43122623574144486 0.05382640586797063 0.05410646387832696
1 0.46062347188264063 0.6385076045627377 0.05790953545232275 0.055846007604562736
1 0.3817481662591687 0.41606463878326994 0.06026894865525667 0.06452471482889734
1 0.37011002444987773 0.4832699619771863 0.057946210268948625 0.04956273764258565
1 0.43705378973105136 0.518574144486692 0.05266503667481667 0.06584600760456272
3 0.3188753056234718 0.3861977186311787 0.09520782396088019 0.06996197718631181
3 0.23855745721271393 0.4371102661596958 0.09522004889975548 0.08216730038022808
3 0.17481662591687042 0.4832699619771863 0.08301955990220045 0.0821482889733841
3 0.12854523227383863 0.5441444866920152 0.08476772616136916 0.0653802281368821
3 0.15066014669926653 0.6190494296577946 0.07312958435207823 0.06038022813688211
7 0.6704523227383863 0.37057984790874526 0.08581907090464554 0.06861216730038029
7 0.7443765281173594 0.42647338403041823 0.07998777506112477 0.0744771863117871
7 0.8180195599022004 0.48576045627376424 0.07661369193154043 0.07354562737642575
7 0.8791442542787286 0.541425855513308 0.07312958435207816 0.07624524714828901
7 0.8485819070904645 0.6278707224334601 0.07486552567237165 0.0807414448669202