5 0.5255370843989771 0.9554572564612327 0.10746803069053704 0.0888866799204772
3 0.598005115089514 0.6511332007952286 0.0764322250639386 0.0692842942345925
3 0.5565984654731457 0.5709145129224652 0.07886189258312015 0.05369781312127235
3 0.6905498721227621 0.4961431411530815 0.07401534526854234 0.051829025844930515
3 0.5870332480818414 0.4973359840954275 0.06239130434782604 0.04518886679920481
3 0.3848976982097187 0.22921471172962224 0.08612531969309452 0.057594433399602324
3 0.3885421994884911 0.2680318091451292 0.08191815856777486 0.06356858846918494
3 0.32156010230179033 0.281520874751491 0.07218670076726348 0.06783300198807157
3 0.295997442455243 0.22662027833001988 0.09411764705882342 0.06403578528827039
7 0.3109079283887468 0.3267196819085487 0.06914322250639378 0.08252485089463218
7 0.3787979539641944 0.32387673956262425 0.06974424552429663 0.06548707753479124
0 0.6570716112531968 0.4469184890656064 0.09714833759590796 0.07834990059642141
0 0.5663299232736573 0.4620775347912525 0.09405370843989765 0.09013916500994042
0 0.48017902813299235 0.5624055666003975 0.10808184143222505 0.07692842942345934
0 0.5334526854219949 0.6759940357852883 0.10136828644501276 0.0826441351888669
1 0.605306905370844 0.5676043737574552 0.047212276214833704 0.06410536779324057