5 0.4845595238095238 0.9140648148148148 0.10004761904761901 0.08279629629629637
3 0.41709523809523813 0.6305925925925926 0.07115476190476189 0.06453703703703707
3 0.4556428571428571 0.5558703703703703 0.07341666666666662 0.050018518518518504
3 0.3309404761904762 0.4862222222222222 0.0689047619047619 0.048277777777777815
3 0.4273095238095238 0.4873333333333334 0.05808333333333329 0.042092592592592626
3 0.6154880952380952 0.2375833333333333 0.08017857142857139 0.05364814814814812
3 0.612095238095238 0.27374074074074073 0.0762619047619047 0.059212962962963
3 0.6744523809523809 0.28630555555555554 0.06720238095238101 0.06318518518518519
3 0.6982499999999999 0.23516666666666666 0.08761904761904751 0.059648148148148165
7 0.6843690476190476 0.3284074074074074 0.06436904761904755 0.07687037037037035
7 0.6211666666666666 0.32575925925925925 0.06492857142857139 0.061
0 0.36210714285714285 0.4403703703703704 0.09044047619047622 0.07298148148148142
0 0.44658333333333333 0.45449074074074075 0.08755952380952375 0.08396296296296302
0 0.5267857142857143 0.5479444444444445 0.1006190476190476 0.0716574074074075
0 0.47719047619047616 0.6537499999999999 0.0943690476190476 0.07698148148148157
1 0.410297619047619 0.552787037037037 0.0439523809523809 0.059712962962962975