5 0.5109657701711492 0.9355418250950571 0.10273838630806842 0.08500000000000008
3 0.5802444987775061 0.6445247148288973 0.07306845965770169 0.06625475285171108
3 0.5406601466992665 0.5678136882129278 0.07539119804400973 0.05134980988593154
3 0.6687163814180929 0.4963117870722433 0.07075794621026908 0.04956273764258565
3 0.5697555012224939 0.4974524714828898 0.05964547677261609 0.04321292775665403
3 0.3765158924205379 0.24105513307984788 0.08233496332518327 0.05507604562737637
3 0.38000000000000006 0.27817490494296576 0.07831295843520776 0.06078897338403046
3 0.3159657701711492 0.291074144486692 0.0690097799511003 0.06486692015209126
3 0.29152811735941325 0.238574144486692 0.08997555012224928 0.06123574144486694
7 0.30578239608801955 0.3342965779467681 0.06610024449877742 0.07891634980988592
7 0.37068459657701713 0.33157794676806085 0.06667481662591683 0.06262357414448669
0 0.6367114914425427 0.44923954372623576 0.09287286063569686 0.07492395437262352
0 0.5499633251833741 0.46373574144486696 0.0899144254278728 0.08619771863117877
0 0.4676039119804401 0.5596768060836501 0.10332518337408311 0.07356463878327006
0 0.5185330073349633 0.6682984790874524 0.09690709046454765 0.07903041825095067
1 0.5872249388753057 0.564648288973384 0.045134474327628314 0.0613022813688213