7 0.44805343511450385 0.3110869565217391 0.09723918575063607 0.07074110671936762
3 0.5946564885496183 0.21628458498023714 0.06755725190839698 0.041729249011857726
3 0.594351145038168 0.26850790513833994 0.05904580152671752 0.04014822134387351
3 0.3774809160305344 0.2169861660079051 0.06877862595419841 0.0459683794466403
3 0.37171755725190836 0.2630928853754941 0.09725190839694664 0.053478260869565225
3 0.4492748091603053 0.21651185770750989 0.08933842239185755 0.050671936758893255
3 0.45896946564885494 0.2649802371541502 0.06996183206106871 0.0443774703557312
3 0.5277226463104326 0.20993083003952567 0.07421119592875323 0.04314229249011855
3 0.5255979643765903 0.2588636363636364 0.07482188295165387 0.05096837944664036
0 0.5949618320610687 0.14406126482213438 0.08512722646310429 0.07515810276679842
0 0.5146819338422393 0.14806324110671937 0.08511450381679386 0.06904150197628459
0 0.37475826972010173 0.15229249011857707 0.08877862595419844 0.07750988142292489
0 0.45563613231552164 0.14358695652173914 0.09479643765903306 0.08550395256916993