7 0.5605119047619047 0.32575925925925925 0.09098809523809517 0.06628703703703706
3 0.42333333333333334 0.23692592592592593 0.06321428571428574 0.03910185185185187
3 0.42361904761904756 0.2858611111111111 0.05524999999999996 0.037620370370370367
3 0.626547619047619 0.2375833333333333 0.0643571428571428 0.043074074074074056
3 0.6319404761904762 0.28078703703703706 0.09100000000000007 0.05011111111111111
3 0.5593690476190476 0.2371388888888889 0.08359523809523813 0.04748148148148146
3 0.5502976190476191 0.28255555555555556 0.06546428571428572 0.041583333333333306
3 0.4859642857142857 0.23097222222222222 0.06944047619047623 0.0404259259259259
3 0.48795238095238097 0.2768240740740741 0.07001190476190469 0.0477592592592593
0 0.42304761904761906 0.16924999999999998 0.07965476190476187 0.07042592592592593
0 0.49816666666666665 0.17300000000000001 0.07964285714285711 0.06469444444444444
0 0.6290952380952382 0.17696296296296296 0.08307142857142853 0.07262962962962963
0 0.5534166666666667 0.16880555555555557 0.08870238095238094 0.08012037037037034