7 0.4401229508196722 0.301936170212766 0.10441256830601087 0.07615957446808513
3 0.5975409836065574 0.1998723404255319 0.0725409836065574 0.04492553191489364
3 0.5972131147540984 0.25609574468085106 0.06340163934426225 0.04322340425531914
3 0.36434426229508204 0.20062765957446807 0.07385245901639337 0.04948936170212764
3 0.358155737704918 0.2502659574468085 0.1044262295081968 0.05757446808510639
3 0.4414344262295082 0.20011702127659575 0.09592896174863391 0.05455319148936167
3 0.45184426229508196 0.25229787234042556 0.07512295081967214 0.047776595744680815
3 0.5256693989071038 0.193031914893617 0.07968579234972684 0.04644680851063827
3 0.5233879781420765 0.24571276595744684 0.08034153005464473 0.054872340425531956
0 0.5978688524590163 0.12211702127659574 0.09140710382513657 0.08091489361702128
0 0.5116666666666667 0.1264255319148936 0.0913934426229508 0.07432978723404256
0 0.36142076502732234 0.13097872340425532 0.09532786885245897 0.08344680851063829
0 0.44826502732240436 0.1216063829787234 0.10178961748633879 0.09205319148936167