0 0.30288095238095236 0.17806481481481481 0.0774166666666667 0.07747222222222223
0 0.3666547619047619 0.17610185185185184 0.07054761904761904 0.07725925925925926
0 0.4448809523809524 0.17608333333333331 0.0705595238095238 0.07086111111111114
0 0.5174285714285715 0.17212962962962963 0.0819166666666666 0.0746111111111111
3 0.5043928571428571 0.24067592592592593 0.06036904761904766 0.04598148148148145
3 0.5072261904761904 0.27947222222222223 0.0683095238095238 0.058333333333333334
3 0.44119047619047624 0.23493518518518516 0.06832142857142856 0.053648148148148146
3 0.4454404761904762 0.2768240740740741 0.06942857142857149 0.037175925925925904
3 0.3785476190476191 0.2325185185185185 0.06209523809523806 0.04615740740740743
3 0.37798809523809523 0.2757222222222222 0.06827380952380956 0.04731481481481484
3 0.3122380952380952 0.23119444444444445 0.05870238095238092 0.06467592592592594
3 0.3094047619047619 0.286962962962963 0.06939285714285713 0.0433518518518519
7 0.4443095238095238 0.32157407407407407 0.06489285714285713 0.056148148148148135
5 0.4975952380952381 0.9186944444444445 0.10117857142857144 0.08148148148148149