0 0.24360335195530725 0.1022885032537961 0.09082402234636876 0.0907483731019523
0 0.3184217877094972 0.09998915401301518 0.0827653631284916 0.09049891540130152
0 0.410195530726257 0.09996746203904554 0.08277932960893852 0.08300433839479396
0 0.4953072625698324 0.0953362255965293 0.09610335195530718 0.08739696312364423
3 0.4800139664804469 0.1756290672451193 0.07082402234636877 0.053861171366594324
3 0.4833379888268156 0.22107375271149673 0.08013966480446927 0.06832971800433839
3 0.4058659217877095 0.1689045553145336 0.08015363128491618 0.06284164859002168
3 0.4108519553072626 0.2179718004338395 0.08145251396648051 0.04354663774403468
3 0.3323743016759777 0.16607375271149674 0.07284916201117314 0.054067245119305885
3 0.3317178770949721 0.21668112798264638 0.08009776536312853 0.055422993492407834
3 0.25458100558659214 0.16452277657266812 0.06886871508379881 0.07575921908893712
3 0.25125698324022344 0.2298481561822126 0.08141061452513962 0.05078091106290678
7 0.4095251396648045 0.27039045553145336 0.07613128491620111 0.0657700650759219
5 0.4713687150837989 0.9609544468546638 0.11871508379888268 0.07809110629067245