0 0.23426630434782608 0.1715750528541226 0.0883559782608696 0.08844608879492602
0 0.3070516304347826 0.16933403805496827 0.08051630434782607 0.0882029598308668
0 0.39633152173913044 0.16931289640591965 0.0805298913043478 0.08089852008456663
0 0.4791304347826087 0.16479915433403805 0.09349184782608688 0.0851797040169133
3 0.46425271739130436 0.24305496828752643 0.06889945652173918 0.05249471458773781
3 0.46748641304347827 0.28734672304439746 0.07796195652173912 0.06659619450317125
3 0.39211956521739133 0.23650105708245242 0.07797554347826086 0.06124735729386892
3 0.3969701086956522 0.284323467230444 0.07923913043478267 0.042441860465116256
3 0.32062500000000005 0.23374207188160678 0.07086956521739127 0.052695560253699814
3 0.31998641304347825 0.28306553911205073 0.07792119565217394 0.05401691331923893
3 0.244945652173913 0.23223044397463002 0.06699728260869557 0.07383720930232561
3 0.2417119565217391 0.29589852008456663 0.07919836956521734 0.04949260042283304
7 0.395679347826087 0.3354122621564482 0.07406249999999999 0.06410147991543338
5 0.45584239130434784 0.985200845665962 0.11548913043478261 0.02959830866807611