5 0.2708690476190476 0.9279537037037038 0.1260714285714286 0.07883333333333332
7 0.35361904761904767 0.32928703703703704 0.06260714285714289 0.06981481481481479
3 0.20794047619047618 0.23339814814814813 0.07459523809523813 0.05321296296296299
3 0.20510714285714285 0.2768240740740741 0.06710714285714287 0.058333333333333334
3 0.4165357142857143 0.24155555555555555 0.07961904761904762 0.04571296296296297
3 0.4131309523809523 0.28608333333333336 0.07282142857142852 0.045111111111111137
3 0.3366071428571429 0.2292037037037037 0.07344047619047622 0.0580648148148148
3 0.34908333333333336 0.283 0.07847619047619042 0.040703703703703735
3 0.2773690476190476 0.2391296296296296 0.07402380952380949 0.04880555555555556
3 0.27709523809523806 0.27374074074074073 0.07278571428571427 0.043342592592592544
0 0.20679761904761906 0.16924999999999998 0.08594047619047619 0.059842592592592586
0 0.2779404761904762 0.17365740740740743 0.06154761904761903 0.06337037037037037
0 0.33830952380952384 0.18292592592592594 0.06599999999999993 0.06095370370370369
0 0.4173928571428572 0.18225925925925926 0.06091666666666662 0.0673333333333333