5 0.23875 0.962135922330097 0.1325 0.07572815533980583
7 0.32630000000000003 0.33847572815533983 0.06573750000000005 0.0732038834951456
3 0.17333749999999998 0.23793203883495145 0.07832500000000003 0.055796116504854394
3 0.1703625 0.28346601941747573 0.07046250000000001 0.06116504854368932
3 0.3923625 0.24648543689320387 0.0836 0.04793203883495146
3 0.38878749999999995 0.2931747572815534 0.07646249999999995 0.04730097087378644
3 0.3084375 0.23353398058252425 0.07711250000000007 0.060883495145631045
3 0.32153750000000003 0.28994174757281554 0.08239999999999995 0.04267961165048547
3 0.2462375 0.24394174757281553 0.07772499999999993 0.051174757281553435
3 0.24595 0.2802330097087378 0.07642499999999998 0.045446601941747516
0 0.1721375 0.17066990291262135 0.0902375 0.06274757281553398
0 0.2468375 0.17529126213592233 0.06462499999999999 0.06644660194174758
0 0.31022500000000003 0.18500970873786407 0.06929999999999993 0.06391262135922328
0 0.3932625 0.18431067961165049 0.06396249999999995 0.07060194174757278