5 0.2634184914841849 0.9415784499054821 0.1288321167883212 0.08047258979206037
7 0.3479805352798054 0.3304631379962193 0.06397810218978106 0.0712665406427221
3 0.1991119221411192 0.23258034026465027 0.07622871046228713 0.054319470699432916
3 0.19621654501216543 0.2769092627599244 0.06857664233576644 0.05954631379962193
3 0.4122749391727494 0.24090737240075613 0.0813625304136253 0.04666351606805293
3 0.4087956204379562 0.28636105860113426 0.07441605839416053 0.04604914933837432
3 0.3305961070559611 0.22829867674858223 0.07504866180048668 0.05927221172022682
3 0.343345498783455 0.28321361058601136 0.08019464720194643 0.04155009451795845
3 0.27006082725060826 0.23843100189035915 0.07564476885644762 0.049820415879017046
3 0.2697810218978102 0.2737618147448015 0.0743795620437956 0.04424385633270316
0 0.1979440389294404 0.16709829867674858 0.08782238442822383 0.06108695652173913
0 0.27064476885644767 0.17159735349716448 0.06289537712895375 0.06468809073724008
0 0.33233576642335766 0.1810586011342155 0.06744525547445249 0.0622211720226843
0 0.41315085158150855 0.1803780718336484 0.06225060827250603 0.06873345935727786