0 0.3095728643216081 0.1368359375 0.08707286432160811 0.08078125000000003
0 0.3744723618090452 0.1480078125 0.0738442211055276 0.08102539062500003
0 0.4462562814070352 0.14615234375 0.07385678391959795 0.07358398437499997
0 0.5288065326633166 0.14662109375 0.08824120603015076 0.07265624999999998
3 0.5240201005025126 0.2628515625 0.07626884422110557 0.06338867187499997
3 0.3023869346733668 0.20565429687499998 0.08707286432160811 0.05658203124999994
3 0.2961180904522613 0.2540234375 0.07263819095477393 0.06431640625000001
3 0.375678391959799 0.266103515625 0.0499246231155779 0.051308593749999964
3 0.5234170854271356 0.205185546875 0.0774623115577889 0.05565429687500001
3 0.5210301507537689 0.26099609375 0.0679020100502512 0.06710937500000003
3 0.4555276381909548 0.20705078124999998 0.07028894472361814 0.06495117187499999
3 0.37835427135678396 0.20240234375 0.07389447236180911 0.061240234375000036
5 0.5027889447236181 0.9212304687499999 0.12232412060301508 0.09151367187500004