0 0.32073809523809527 0.17233333333333334 0.0825119047619048 0.07659259259259261
0 0.3822380952380952 0.18292592592592594 0.06997619047619044 0.0768240740740741
0 0.4502619047619048 0.18116666666666667 0.0699880952380952 0.0697685185185185
0 0.5284880952380953 0.1816111111111111 0.08361904761904763 0.06888888888888887
3 0.523952380952381 0.29181481481481486 0.07227380952380957 0.06010185185185182
3 0.3139285714285714 0.2375833333333333 0.0825119047619048 0.05364814814814812
3 0.3079880952380952 0.28344444444444444 0.06883333333333336 0.06098148148148149
3 0.3833809523809524 0.29489814814814813 0.04730952380952382 0.048648148148148114
3 0.5233809523809524 0.2371388888888889 0.07340476190476186 0.05276851851851853
3 0.5211190476190476 0.29005555555555557 0.06434523809523804 0.06362962962962966
3 0.4590476190476191 0.2389074074074074 0.0666071428571429 0.06158333333333332
3 0.3859166666666667 0.2345 0.07002380952380959 0.05806481481481482
5 0.5038333333333334 0.9160555555555555 0.11591666666666667 0.08676851851851845