0 0.33173913043478265 0.12536779324055666 0.0886317135549873 0.08222664015904575
0 0.3978005115089514 0.13673956262425446 0.07516624040920712 0.08247514910536782
0 0.4708695652173913 0.13485089463220676 0.07517902813299228 0.07490059642147114
0 0.5548976982097187 0.13532803180914513 0.08982097186700769 0.0739562624254473
3 0.5500255754475704 0.2536381709741551 0.07763427109974429 0.0645228628230616
3 0.3244245524296675 0.19541749502982106 0.0886317135549873 0.057594433399602324
3 0.31804347826086954 0.2446520874751491 0.07393861892583127 0.0654671968190855
3 0.39902813299232737 0.256948310139165 0.05081841432225065 0.05222664015904569
3 0.5494117647058824 0.19494035785288272 0.078849104859335 0.05665009940357854
3 0.5469820971867008 0.25174950298210735 0.06911764705882348 0.06831013916500997
3 0.48030690537084403 0.1968389662027833 0.07154731457800517 0.06611332007952285
3 0.4017519181585678 0.19210735586481112 0.07521739130434789 0.06233598409542747
5 0.5284143222506394 0.9237972166998011 0.12451406649616369 0.09315109343936386