5 0.4122397094430993 0.9243596986817325 0.12996368038740924 0.08734463276836157
3 0.5577966101694916 0.6741996233521658 0.07754237288135588 0.07112052730696795
3 0.5162832929782082 0.6277871939736347 0.07464891041162224 0.053973634651600697
3 0.613135593220339 0.6459510357815442 0.06371670702179176 0.05765536723163844
3 0.5745036319612591 0.6132203389830508 0.07348668280871676 0.05981167608286251
3 0.5041767554479418 0.5067419962335217 0.05736077481840193 0.05402071563088502
3 0.5747941888619854 0.5284934086629002 0.06774818401937051 0.05582862523540486
3 0.6304237288135593 0.49128060263653484 0.07064164648910401 0.06029190207156306
3 0.5941041162227603 0.4471186440677966 0.0850121065375303 0.0531450094161958
3 0.6465617433414043 0.27137476459510357 0.058474576271186386 0.04064971751412425
3 0.6425181598062955 0.22855932203389828 0.07807506053268766 0.05455743879472693
3 0.44941888619854725 0.22923728813559321 0.07927360774818404 0.058596986817325815
3 0.4326997578692494 0.2798964218455744 0.08734866828087165 0.05768361581920903
1 0.5295399515738498 0.5015913370998117 0.05101694915254236 0.05043314500941615
0 0.4399031476997579 0.16736346516007533 0.09829297820823252 0.07475517890772126
0 0.5105205811138015 0.1622222222222222 0.08214285714285717 0.07274011299435028
0 0.6580992736077482 0.17074387947269304 0.09139225181598064 0.06646892655367229