5 0.40775 0.9191388888888888 0.12779761904761908 0.08588888888888888
3 0.5508809523809524 0.6731481481481482 0.07624999999999994 0.06993518518518516
3 0.5100595238095238 0.6275092592592593 0.07340476190476186 0.05307407407407402
3 0.605297619047619 0.6453703703703704 0.0626547619047619 0.056694444444444464
3 0.5673095238095238 0.6131851851851852 0.07226190476190482 0.0588148148148148
3 0.4981547619047619 0.5084814814814814 0.0564047619047619 0.05312037037037027
3 0.567595238095238 0.5298703703703703 0.06661904761904766 0.05489814814814811
3 0.622297619047619 0.49327777777777776 0.06946428571428567 0.05928703703703701
3 0.5865833333333333 0.44985185185185184 0.08359523809523813 0.05225925925925921
3 0.6381666666666665 0.277037037037037 0.05749999999999995 0.03997222222222219
3 0.6341904761904762 0.23493518518518516 0.07677380952380954 0.053648148148148146
3 0.4443095238095238 0.23560185185185184 0.07795238095238097 0.057620370370370384
3 0.42786904761904765 0.28541666666666665 0.08589285714285712 0.056722222222222216
1 0.5230952380952381 0.5034166666666667 0.05016666666666665 0.04959259259259254
0 0.434952380952381 0.17475925925925928 0.09665476190476197 0.07350925925925925
0 0.5043928571428571 0.16970370370370372 0.08077380952380955 0.07152777777777777
0 0.6495119047619048 0.17808333333333334 0.08986904761904763 0.06536111111111109