3 0.6346280991735538 0.7644539614561028 0.0882231404958677 0.08086723768736614
3 0.5873966942148761 0.7116809421841542 0.08493112947658397 0.06137044967880079
3 0.6975895316804408 0.7323340471092077 0.0724931129476584 0.06555674518201286
3 0.6536363636363637 0.6951177730192719 0.0836088154269973 0.06800856531049249
3 0.5736225895316804 0.5740471092077087 0.0652617079889807 0.0614239828693789
3 0.6539669421487603 0.598779443254818 0.07707988980716259 0.06347965738758025
3 0.7172589531680441 0.5564668094218416 0.08037190082644616 0.06855460385438969
3 0.6759366391184574 0.5062526766595289 0.09672176308539948 0.060428265524625206
3 0.7356198347107438 0.306423982869379 0.06652892561983464 0.04622055674518197
3 0.7310192837465566 0.2577408993576017 0.08882920110192839 0.06203426124197002
3 0.5113223140495868 0.2585117773019272 0.09019283746556477 0.06662740899357604
3 0.4923002754820937 0.3161134903640257 0.09938016528925617 0.06558886509635974
1 0.6024793388429752 0.5681905781584583 0.05804407713498621 0.057344753747323285
0 0.5004958677685951 0.18815845824411137 0.11183195592286509 0.08499999999999999
0 0.580840220385675 0.18231263383297644 0.09345730027548213 0.08270877944325482
0 0.7487465564738293 0.19200214132762314 0.10398071625344354 0.07557815845824409