0 0.5571071428571429 0.17189814814814816 0.0926666666666667 0.07571296296296294
0 0.6288214285714286 0.17653703703703702 0.1006428571428571 0.08695370370370373
0 0.7685476190476191 0.1652962962962963 0.10350000000000006 0.08034259259259258
3 0.7543690476190476 0.22943518518518521 0.09783333333333341 0.060527777777777805
3 0.5542738095238094 0.2367037037037037 0.07339285714285712 0.0677592592592593
3 0.5041071428571429 0.31980555555555557 0.057535714285714336 0.04909259259259258
3 0.44034523809523807 0.33105555555555555 0.06602380952380957 0.05571296296296292
3 0.442047619047619 0.3962962962962963 0.06261904761904764 0.0522037037037037
3 0.7197976190476191 0.3422962962962963 0.06495238095238089 0.07290740740740742
3 0.7892261904761906 0.3672037037037037 0.05872619047619039 0.06277777777777774
3 0.8541309523809524 0.2730740740740741 0.07517857142857154 0.06906481481481484
3 0.7588928571428571 0.27990740740740744 0.07448809523809516 0.06421296296296299
1 0.6103928571428572 0.9266296296296296 0.05926190476190473 0.06561111111111112
1 0.5684404761904762 0.9125185185185185 0.054119047619047664 0.04901851851851857