0 0.5451884422110553 0.168603515625 0.09778894472361813 0.07985351562499998
0 0.6208668341708543 0.17349609375 0.10620603015075372 0.09170898437500002
0 0.7683165829145729 0.161640625 0.10922110552763827 0.08473632812499998
3 0.7533542713567839 0.22928710937500002 0.10324120603015083 0.063837890625
3 0.5421984924623116 0.236953125 0.07744974874371856 0.07146484375000006
3 0.4892587939698492 0.324599609375 0.060716080402010104 0.05177734374999998
3 0.4219723618090452 0.33646484375 0.0696733668341709 0.05875976562499996
3 0.4237688442211055 0.4052734375 0.06608040201005028 0.055058593749999996
3 0.7168718592964824 0.3483203125 0.06854271356783913 0.07689453125000001
3 0.7901381909547739 0.37458984375 0.06197236180904513 0.06621093749999996
3 0.8586306532663317 0.2753125 0.07933417085427147 0.07284179687500003
3 0.7581281407035176 0.28251953125 0.07860552763819087 0.06772460937500002
1 0.6014195979899498 0.964609375 0.06253768844221103 0.06919921875000012
1 0.5571482412060301 0.9497265625 0.05711055276381914 0.05169921875000005