0 0.4724078947368421 0.1738217213114754 0.102421052631579 0.08378073770491802
0 0.3931447368421052 0.17895491803278687 0.1112368421052631 0.09621926229508199
0 0.23871052631578943 0.16651639344262295 0.11439473684210534 0.08890368852459014
3 0.25438157894736846 0.23748975409836068 0.10813157894736851 0.06697745901639345
3 0.47553947368421057 0.24553278688524588 0.08111842105263155 0.07497950819672138
3 0.5309868421052631 0.33748975409836063 0.06359210526315795 0.05432377049180326
3 0.6014605263157895 0.34993852459016395 0.07297368421052636 0.061649590163934384
3 0.5995789473684211 0.42213114754098363 0.0692105263157895 0.057766393442622944
3 0.2925921052631579 0.36237704918032787 0.07178947368421046 0.08067622950819674
3 0.2158552631578947 0.3899385245901639 0.06490789473684201 0.06946721311475405
3 0.14411842105263153 0.2857786885245902 0.08309210526315801 0.07642418032786888
3 0.2493815789473684 0.29334016393442625 0.08232894736842097 0.07105532786885248
1 0.4144736842105263 0.9861680327868853 0.06578947368421052 0.027663934426229508
1 0.4605263157894737 0.983094262295082 0.060526315789473685 0.03381147540983607