3 0.6415951742627346 0.30154488517745304 0.08077747989276138 0.07223382045929023
3 0.5723458445040215 0.2963152400835073 0.06794906166219847 0.06941544885177453
3 0.48680965147453087 0.2575469728601253 0.07308310991957102 0.05749478079331946
3 0.48522788203753353 0.3007933194154489 0.0718096514745309 0.07670146137787058
3 0.630107238605898 0.24115866388308976 0.08077747989276138 0.06474947807933197
3 0.2663002680965148 0.2481106471816284 0.07247989276139417 0.0684342379958247
3 0.18683646112600535 0.2513361169102296 0.07824396782841823 0.07788100208768269
3 0.11630026809651474 0.24487473903966597 0.05592493297587135 0.047066805845511456
3 0.10800268096514744 0.2965657620041754 0.08528150134048258 0.07885177453027135
0 0.3460857908847185 0.1661169102296451 0.12794906166219847 0.10150313152400836
0 0.49638069705093835 0.1735594989561587 0.09222520107238599 0.08038622129436325
5 0.4718498659517426 0.9874739039665971 0.1126005361930295 0.025052192066805846