3 0.6653026315789473 0.23348360655737704 0.07928947368421052 0.07090163934426234
3 0.5973289473684211 0.22835040983606558 0.0666973684210527 0.06813524590163934
3 0.5133684210526316 0.19029713114754102 0.07173684210526314 0.05643442622950824
3 0.5118157894736842 0.23274590163934428 0.07048684210526322 0.07528688524590166
3 0.6540263157894736 0.1742110655737705 0.07928947368421052 0.06355532786885248
3 0.296921052631579 0.18103483606557377 0.07114473684210533 0.06717213114754104
3 0.21892105263157893 0.18420081967213112 0.07680263157894737 0.07644467213114756
3 0.14968421052631578 0.17785860655737706 0.0548947368421053 0.04619877049180325
3 0.14153947368421052 0.22859631147540985 0.08371052631578949 0.07739754098360652
0 0.37523684210526315 0.10055327868852458 0.12559210526315795 0.09963114754098362
0 0.5227631578947368 0.10785860655737706 0.09052631578947362 0.07890368852459015
5 0.4992894736842105 0.9352049180327868 0.110578947368421 0.0813729508196722