3 0.6483690476190476 0.2832222222222222 0.07173809523809523 0.06407407407407412
3 0.5868690476190477 0.27858333333333335 0.06034523809523816 0.06157407407407407
3 0.510904761904762 0.24419444444444446 0.06490476190476188 0.05100000000000001
3 0.5095000000000001 0.28255555555555556 0.06377380952380958 0.06803703703703705
3 0.6381666666666665 0.22965740740740742 0.07173809523809523 0.057435185185185214
3 0.3150714285714286 0.23582407407407407 0.06436904761904765 0.06070370370370373
3 0.2445 0.23868518518518517 0.06948809523809524 0.06908333333333334
3 0.18185714285714286 0.23295370370370372 0.0496666666666667 0.041749999999999975
3 0.17448809523809522 0.2788055555555556 0.07573809523809524 0.0699444444444444
0 0.38592857142857145 0.16309259259259257 0.11363095238095243 0.09003703703703704
0 0.5194047619047619 0.16969444444444445 0.08190476190476186 0.07130555555555555
5 0.49816666666666665 0.9173703703703704 0.10004761904761901 0.07353703703703711