5 0.5621508379888268 0.955531453362256 0.11312849162011174 0.08893709327548807
3 0.39303072625698326 0.20655097613882864 0.08480446927374305 0.056637744034707185
3 0.4006843575418994 0.1618872017353579 0.08015363128491618 0.05716919739696316
3 0.48215083798882685 0.21559652928416484 0.08012569832402235 0.0709219088937093
3 0.5539664804469273 0.21533622559652932 0.08013966480446927 0.055943600867679
3 0.547304469273743 0.15388286334056397 0.0821229050279329 0.06284164859002175
3 0.16061452513966482 0.1549132321041215 0.06291899441340784 0.05251626898047724
3 0.08347765363128488 0.16420824295010844 0.06825418994413408 0.07729934924078088
3 0.025837988826815643 0.15997830802603036 0.051675977653631286 0.055314533622559656
3 0.02164804469273743 0.21366594360086769 0.04329608938547486 0.04772234273318872
0 0.23608938547486036 0.08752711496746203 0.09814245810055863 0.08816702819956618
0 0.3983519553072626 0.07874186550976138 0.08747206703910614 0.08301518438177877