5 0.5470398009950249 0.919622823984526 0.10037313432835826 0.08480657640232113
3 0.39603233830845774 0.24897485493230173 0.07552238805970153 0.05050290135396521
3 0.4028482587064676 0.20914893617021277 0.07138059701492536 0.050976789168278566
3 0.4753980099502488 0.25704061895551256 0.07135572139303484 0.06323984526112185
3 0.5393532338308458 0.2568085106382979 0.0713681592039801 0.04988394584139269
3 0.5334203980099502 0.20201160541586072 0.0731343283582089 0.056034816247582254
3 0.1890547263681592 0.2029303675048356 0.056032338308457726 0.04682785299806578
3 0.12036069651741291 0.21121856866537717 0.06078358208955224 0.06892649903288199
3 0.06113184079601991 0.20823017408123792 0.0631592039800995 0.04912959381044483
3 0.04692786069651741 0.2558800773694391 0.07737562189054725 0.04220502901353964
0 0.2562686567164179 0.14284332688588006 0.0874004975124378 0.07861702127659577
0 0.400771144278607 0.13500967117988394 0.07789800995024874 0.07402321083172149