5 0.5485952380952381 0.9193425925925924 0.09607142857142863 0.08119444444444439
3 0.4040595238095238 0.27725925925925926 0.07228571428571431 0.048351851851851875
3 0.4105833333333333 0.2391296296296296 0.06832142857142856 0.04880555555555556
3 0.4800238095238096 0.28498148148148145 0.06829761904761905 0.060546296296296286
3 0.5412380952380952 0.28475925925925927 0.0683095238095238 0.0477592592592593
3 0.5355595238095238 0.23229629629629628 0.06999999999999995 0.053648148148148174
3 0.20595238095238094 0.23317592592592593 0.0536309523809524 0.04483333333333335
3 0.14020238095238094 0.24111111111111108 0.05817857142857142 0.06599074074074072
3 0.08351190476190477 0.23825 0.06045238095238095 0.04703703703703702
3 0.06991666666666667 0.28387037037037033 0.0740595238095238 0.04040740740740739
0 0.2702857142857143 0.17564814814814814 0.08365476190476191 0.07526851851851854
0 0.4085952380952381 0.16814814814814813 0.0745595238095238 0.07087037037037039