0 0.5245119047619047 0.17696296296296296 0.09890476190476195 0.07262962962962963
0 0.39470238095238097 0.17057407407407407 0.09779761904761902 0.0783611111111111
3 0.3278333333333333 0.2459722222222222 0.09717857142857142 0.08300925925925924
3 0.2606547619047619 0.238462962962963 0.0711904761904762 0.07128703703703705
3 0.1903690476190476 0.23361111111111113 0.07346428571428569 0.06158333333333332
3 0.17420238095238097 0.27791666666666665 0.07857142857142857 0.05760185185185188
3 0.5361428571428571 0.23803703703703702 0.07171428571428573 0.04598148148148145
3 0.5857380952380952 0.27947222222222223 0.07115476190476189 0.06891666666666663
7 0.552 0.09122222222222222 0.0688571428571429 0.06251851851851853
7 0.6395833333333333 0.07999074074074074 0.08590476190476193 0.05783333333333334
5 0.4448809523809524 0.9045925925925926 0.13177380952380946 0.09381481481481486