0 0.4814376590330789 0.1809486166007905 0.10569974554707384 0.07750988142292489
0 0.6201653944020357 0.1741304347826087 0.10451653944020353 0.08362648221343873
3 0.6916284987277354 0.25459486166007905 0.10385496183206092 0.0885869565217391
3 0.7634223918575063 0.2465810276679842 0.07608142493638671 0.07607707509881424
3 0.8385368956743003 0.241403162055336 0.07851145038167943 0.06572134387351777
3 0.8558142493638676 0.2886857707509881 0.08396946564885496 0.061472332015810316
3 0.46900763358778624 0.24612648221343872 0.07664122137404582 0.049071146245059254
3 0.4160050890585242 0.29034584980237155 0.07604325699745544 0.07354743083003948
7 0.45206106870229007 0.08944664031620553 0.07358778625954203 0.06671936758893282
7 0.35846055979643765 0.0774604743083004 0.09180661577608153 0.061719367588932816
5 0.566793893129771 0.9535573122529645 0.14122137404580154 0.09288537549407115