0 0.5069896640826874 0.12386317907444669 0.10733850129198971 0.07891348088531187
0 0.6478682170542636 0.1169215291750503 0.10613695090439274 0.08514084507042254
3 0.7204392764857881 0.19884305835010058 0.10546511627906961 0.09019114688128771
3 0.7933462532299741 0.1906841046277666 0.07726098191214464 0.07745472837022134
3 0.869625322997416 0.18541247484909457 0.07972868217054269 0.06691146881287725
3 0.8871705426356589 0.23355130784708247 0.08527131782945736 0.06258551307847086
3 0.49436692506459945 0.19022132796780683 0.0778294573643411 0.04995975855130781
3 0.44054263565891477 0.2352414486921529 0.07722222222222219 0.0748792756539235
7 0.4780361757105943 0.03219315895372234 0.07493540051679587 0.06438631790744467
7 0.38242894056847543 0.02464788732394366 0.09302325581395349 0.04929577464788732
5 0.5934108527131783 0.9144466800804829 0.14301033591731258 0.1019315895372235