5 0.588459595959596 0.9501866404715127 0.11571969696969694 0.08456777996070741
7 0.9583333333333334 0.6483300589390962 0.08333333333333333 0.07072691552062868
7 0.8890656565656565 0.6253536345776032 0.09837121212121222 0.08812377210216113
7 0.9785353535353535 0.5446954813359528 0.04292929292929293 0.06581532416502947
7 0.8361489898989899 0.4715029469548134 0.06997474747474756 0.07365422396856583
7 0.9434722222222223 0.47452848722986246 0.08695707070707057 0.0755402750491159
7 0.7931818181818182 0.3657956777996071 0.07731060606060608 0.05733791748526523
7 0.8827525252525252 0.4125638506876228 0.10017676767676757 0.07228880157170926
7 0.7772348484848484 0.4216895874263261 0.09643939393939407 0.07503929273084478
7 0.6786363636363637 0.3695481335952849 0.0868434343434343 0.06426326129666007
3 0.7366666666666667 0.22431237721021613 0.08931818181818182 0.05785854616895872
3 0.6672222222222223 0.22314341846758345 0.08029040404040422 0.05832023575638507
3 0.6007828282828283 0.22666994106090374 0.08625000000000008 0.07777996070726922
3 0.7378535353535354 0.2678192534381139 0.09343434343434344 0.06843811394891941
3 0.37503787878787875 0.22572691552062868 0.07127525252525259 0.06280943025540275
3 0.2983838383838385 0.2612770137524558 0.10194444444444446 0.06469548133595286
0 0.37955808080808084 0.16023575638506876 0.09646464646464659 0.08125736738703343
1 0.5620075757575758 0.4081237721021611 0.07002525252525257 0.06286836935166994
1 0.6323484848484848 0.3763261296660118 0.059191919191919184 0.04789783889980353
1 0.6807449494949495 0.47173870333988216 0.058585858585858415 0.05915520628683696
1 0.7213257575757576 0.5114833005893911 0.06398989898989878 0.058231827111984255
1 0.6329545454545454 0.5474950884086445 0.045972222222222185 0.04795677799607066
1 0.605909090909091 0.4689194499017682 0.05863636363636371 0.047485265225933125
1 0.5923737373737374 0.5049410609037328 0.05500000000000008 0.06570726915520639
1 0.5433712121212122 0.5026031434184676 0.04718434343434344 0.047937131630648284
1 0.5241414141414141 0.7004322200392927 0.0664267676767677 0.06764243614931228
1 0.5587121212121212 0.7275540275049116 0.05561868686868681 0.05393909626719065
1 0.5716414141414141 0.7609921414538311 0.055012626262626325 0.03943025540275059
1 0.5355555555555556 0.7572593320235756 0.045984848484848434 0.057848722986247644
1 0.5057954545454545 0.7839194499017681 0.04780303030303032 0.04943025540275043