5 0.427425 0.9420291262135922 0.11456249999999997 0.0835825242718448
7 0.05960000000000001 0.6438834951456311 0.08591250000000002 0.06961165048543694
7 0.12982500000000002 0.6209805825242719 0.09738749999999996 0.08709708737864082
7 0.03125 0.5412621359223301 0.0625 0.06504854368932039
7 0.1822125 0.4689223300970874 0.06927500000000002 0.07279611650485439
7 0.07596249999999999 0.4719126213592233 0.08608750000000001 0.07466019417475726
7 0.22475 0.36444660194174755 0.07653750000000002 0.05666990291262136
7 0.13607500000000003 0.41066990291262134 0.09917500000000004 0.07144660194174761
7 0.24053750000000002 0.4196893203883495 0.09547499999999999 0.07416504854368931
7 0.33814999999999995 0.3681553398058252 0.08597499999999997 0.06351456310679608
3 0.2807 0.2246116504854369 0.08842500000000002 0.05718446601941746
3 0.34945 0.2234563106796116 0.07948750000000004 0.05764077669902913
3 0.415225 0.22694174757281554 0.08538750000000007 0.07687378640776706
3 0.279525 0.2676116504854369 0.0925 0.06764077669902908
3 0.6387125 0.22600970873786408 0.07056250000000006 0.06207766990291262
3 0.7145999999999999 0.2611456310679612 0.10092500000000001 0.06394174757281555
0 0.6342375 0.16128155339805825 0.09550000000000011 0.08031067961165052
1 0.4536125 0.40628155339805827 0.06932500000000004 0.062135922330097085
1 0.383975 0.3748543689320389 0.05859999999999999 0.047339805825242706
1 0.33606250000000004 0.46915533980582524 0.05799999999999997 0.058466019417475756
1 0.29588749999999997 0.5084368932038835 0.06334999999999993 0.0575533980582524
1 0.38337499999999997 0.5440291262135922 0.04551249999999996 0.04739805825242712
1 0.41015 0.46636893203883495 0.05805000000000007 0.046932038834951374
1 0.42355 0.5019708737864077 0.054450000000000075 0.06494174757281564
1 0.4720625 0.49966019417475727 0.046712500000000004 0.04737864077669898
1 0.4911 0.6951844660194174 0.06576250000000002 0.06685436893203874
1 0.456875 0.7219902912621359 0.055062499999999945 0.05331067961165056
1 0.444075 0.7550388349514564 0.05446250000000006 0.038970873786407866
1 0.47979999999999995 0.7513495145631068 0.04552499999999995 0.057174757281553495
1 0.5092625000000001 0.7776990291262136 0.04732500000000002 0.048854368932038775