5 0.4392142857142857 0.9169351851851851 0.10910714285714283 0.079712962962963
7 0.08890476190476192 0.6325925925925926 0.08182142857142859 0.06638888888888893
7 0.1557857142857143 0.61075 0.09274999999999999 0.08306481481481486
7 0.054035714285714284 0.5351481481481482 0.07633333333333334 0.06148148148148157
7 0.20567857142857143 0.46573148148148147 0.0659761904761905 0.06942592592592595
7 0.10448809523809523 0.46858333333333335 0.08198809523809525 0.07120370370370369
7 0.2461904761904762 0.3660925925925926 0.07289285714285716 0.0540462962962963
7 0.16173809523809526 0.41017592592592594 0.09445238095238097 0.06813888888888892
7 0.2612261904761905 0.41877777777777775 0.09092857142857143 0.07073148148148146
7 0.35419047619047617 0.36962962962962964 0.08188095238095235 0.06057407407407404
3 0.29947619047619045 0.2327314814814815 0.08421428571428573 0.054537037037037044
3 0.364952380952381 0.2316296296296296 0.075702380952381 0.0549722222222222
3 0.4275952380952381 0.2349537037037037 0.08132142857142864 0.07331481481481485
3 0.2983571428571429 0.27374074074074073 0.0880952380952381 0.06450925925925922
3 0.6404404761904762 0.2340648148148148 0.06720238095238101 0.0592037037037037
3 0.7127142857142856 0.2675740740740741 0.09611904761904763 0.06098148148148149
0 0.6361785714285714 0.17233333333333334 0.09095238095238099 0.07659259259259261
1 0.4641547619047619 0.40599074074074076 0.06602380952380957 0.05925925925925926
1 0.3978333333333333 0.37601851851851853 0.0558095238095238 0.04514814814814814
1 0.352202380952381 0.4659537037037037 0.05523809523809521 0.055759259259259286
1 0.31394047619047616 0.5034166666666667 0.06033333333333331 0.05488888888888886
1 0.39726190476190476 0.5373611111111112 0.043345238095238055 0.04520370370370364
1 0.4227619047619048 0.4632962962962963 0.05528571428571435 0.044759259259259235
1 0.4355238095238095 0.49724999999999997 0.05185714285714293 0.061935185185185225
1 0.4817261904761905 0.49504629629629626 0.04448809523809524 0.04518518518518514
1 0.49985714285714283 0.6815185185185185 0.0626309523809524 0.06375925925925917
1 0.46726190476190477 0.7070833333333333 0.052440476190476135 0.05084259259259267
1 0.45507142857142857 0.7386018518518519 0.051869047619047676 0.03716666666666676
1 0.4890952380952381 0.7350833333333333 0.04335714285714281 0.05452777777777787
1 0.517154761904762 0.7602129629629629 0.04507142857142859 0.04659259259259253