0 0.7367857142857143 0.17035185185185184 0.08469047619047632 0.06998148148148146
3 0.7300000000000001 0.23230555555555554 0.07174999999999998 0.05743518518518516
3 0.8008452380952381 0.27175925925925926 0.07970238095238101 0.049962962962962994
3 0.5401071428571429 0.2294351851851852 0.07058333333333329 0.049944444444444444
3 0.47208333333333335 0.23030555555555557 0.07227380952380957 0.05233333333333334
3 0.3955595238095238 0.23362037037037037 0.08929761904761904 0.05100925925925929
3 0.39272619047619045 0.2816759259259259 0.08641666666666671 0.07509259259259261
7 0.46471428571428575 0.32135185185185183 0.06489285714285713 0.053944444444444434
7 0.5321666666666667 0.3262037037037037 0.07284523809523816 0.05482407407407411
7 0.5386904761904762 0.3614722222222222 0.07680952380952379 0.06894444444444447
7 0.7350952380952381 0.31275925925925924 0.0615476190476191 0.05790740740740737
7 0.7402023809523809 0.3698425925925926 0.07174999999999998 0.052194444444444446
7 0.8076547619047618 0.3731481481481482 0.05929761904761898 0.05351851851851848