0 0.7203651685393259 0.1735589519650655 0.09991573033707879 0.08251091703056766
3 0.7123595505617978 0.24660480349344976 0.08464887640449435 0.06771834061135368
3 0.7959410112359551 0.2931222707423581 0.09403089887640456 0.05890829694323148
3 0.48832865168539324 0.24322052401746724 0.0832724719101123 0.05888646288209607
3 0.4080758426966292 0.24424672489082971 0.08526685393258432 0.06170305676855893
3 0.3177949438202247 0.24815502183406113 0.10535112359550561 0.06014192139737995
3 0.3144522471910112 0.3048144104803493 0.10195224719101129 0.08853711790393015
7 0.3993820224719101 0.3515938864628821 0.07655898876404493 0.06360262008733623
7 0.47896067415730337 0.35731441048034934 0.08594101123595513 0.06463973799126642
7 0.4866573033707865 0.3988973799126637 0.09061797752808987 0.08128820960698693
7 0.7183707865168539 0.34146288209606984 0.07261235955056186 0.06827510917030563
7 0.7243960674157303 0.40876637554585155 0.08464887640449435 0.061539301310043676
7 0.8039747191011235 0.4126637554585153 0.06995786516853925 0.06310043668122266