0 0.7648907103825137 0.092531914893617 0.09718579234972691 0.08040425531914892
3 0.7571038251366121 0.1637127659574468 0.08233606557377046 0.06598936170212763
3 0.8384016393442624 0.20904255319148937 0.09146174863387985 0.05740425531914897
3 0.5391939890710382 0.16041489361702127 0.08099726775956279 0.057382978723404254
3 0.4611338797814208 0.1614148936170213 0.0829371584699454 0.06012765957446806
3 0.37331967213114753 0.16522340425531915 0.1024726775956284 0.05860638297872344
3 0.37006830601092894 0.22043617021276593 0.09916666666666671 0.08627659574468087
7 0.4526775956284153 0.2660212765957447 0.07446721311475409 0.06197872340425531
7 0.5300819672131147 0.27159574468085107 0.08359289617486346 0.0629893617021277
7 0.537568306010929 0.31211702127659574 0.08814207650273222 0.07921276595744685
7 0.7629508196721312 0.2561489361702127 0.0706284153005465 0.06653191489361698
7 0.7688114754098361 0.3217340425531915 0.08233606557377046 0.05996808510638298
7 0.8462158469945354 0.32553191489361705 0.06804644808743161 0.06148936170212761