7 0.6869166666666666 0.3645555555555556 0.06267857142857154 0.052194444444444446
7 0.6203095238095238 0.36565740740740743 0.04560714285714279 0.04734259259259259
7 0.6166190476190476 0.31252777777777774 0.08925000000000004 0.060675925925925904
7 0.43636904761904766 0.3224444444444445 0.07569047619047624 0.056703703703703714
7 0.34851190476190474 0.3151759259259259 0.06323809523809525 0.05538888888888893
7 0.42447619047619045 0.3711666666666667 0.06374999999999995 0.05484259259259261
3 0.2986309523809524 0.2865185185185185 0.07911904761904759 0.06156481481481482
3 0.28785714285714287 0.23097222222222222 0.07117857142857142 0.061592592592592574
3 0.34936904761904763 0.24200000000000002 0.05409523809523816 0.05920370370370373
3 0.43042857142857144 0.23869444444444446 0.07565476190476185 0.06317592592592594
3 0.6305119047619048 0.23494444444444446 0.06322619047619042 0.05744444444444444
3 0.6979761904761904 0.2757222222222222 0.07117857142857138 0.0526018518518518
0 0.6222857142857143 0.17277777777777778 0.08017857142857139 0.07218518518518517