7 0.31717917675544793 0.36131826741996237 0.06374092009685241 0.05307909604519775
7 0.38491525423728823 0.36243879472693036 0.046380145278450295 0.04814500941619585
7 0.38866828087167066 0.3084086629001883 0.0907627118644068 0.06170433145009414
7 0.5719733656174334 0.3184934086629002 0.07697336561743347 0.0576647834274953
7 0.6613196125907991 0.31110169491525425 0.06430992736077469 0.05632768361581925
7 0.5840677966101695 0.36804143126177025 0.06483050847457622 0.05577212806026367
3 0.7120460048426149 0.2819585687382298 0.08046004842615016 0.06260828625235405
3 0.7230024213075061 0.22547080979284367 0.07238498789346243 0.06263653483992465
3 0.6604479418886198 0.23668549905838043 0.05501210653753033 0.060207156308851276
3 0.5780145278450363 0.23332391713747647 0.07693704600484257 0.0642467043314501
3 0.3745399515738499 0.22951035781544257 0.06429782082324444 0.05841807909604516
3 0.30593220338983057 0.27097928436911484 0.07238498789346243 0.05349340866290014
0 0.3829055690072639 0.1662900188323917 0.08153753026634372 0.0734086629001883