7 0.6878439153439153 0.36185185185185187 0.06964285714285726 0.05799382716049383
7 0.6138359788359787 0.36307613168724284 0.0506746031746031 0.052602880658436206
7 0.6097354497354498 0.3040432098765432 0.09916666666666671 0.06741769547325101
7 0.40945767195767196 0.31506172839506175 0.08410052910052915 0.06300411522633746
7 0.31183862433862436 0.30698559670781894 0.07026455026455027 0.06154320987654326
7 0.39624338624338623 0.36919753086419754 0.07083333333333328 0.060936213991769565
3 0.25641534391534393 0.2751440329218107 0.08791005291005288 0.06840534979423869
3 0.24444444444444446 0.2134259259259259 0.07908730158730154 0.06843621399176952
3 0.31279100529100534 0.22567901234567903 0.060105820105820176 0.06578189300411529
3 0.40285714285714286 0.2220061728395062 0.0840608465608465 0.07019547325102883
3 0.6251719576719577 0.2178395061728395 0.07025132275132262 0.06382716049382713
3 0.700132275132275 0.26314814814814813 0.07908730158730154 0.05844650205761311
0 0.616031746031746 0.14876543209876542 0.08908730158730147 0.0802057613168724