0 0.5199242424242424 0.1243614931237721 0.08446969696969694 0.07658153241650292
5 0.6558080808080807 0.9203831041257368 0.1199621212121212 0.08270137524557962
7 0.6122222222222222 0.33086444007858545 0.08809343434343432 0.08577603143418472
7 0.5223358585858586 0.27729862475442046 0.0676262626262627 0.05688605108055007
7 0.5082070707070707 0.3275834970530452 0.07243686868686869 0.053035363457760325
7 0.24218434343434345 0.28104125736738705 0.0628787878787879 0.06437131630648327
7 0.30531565656565657 0.32712180746561886 0.06338383838383845 0.059577603143418444
7 0.3236489898989899 0.2824557956777996 0.09525252525252517 0.06751473477406682
3 0.1697348484848485 0.24035363457760314 0.06589646464646465 0.055962671905697474
3 0.17214646464646466 0.1912475442043222 0.05628787878787877 0.058791748526522615
3 0.23106060606060605 0.19031434184675836 0.06396464646464642 0.07216110019646368
3 0.3113257575757576 0.19288801571709235 0.08743686868686869 0.06982318271119847
3 0.515429292929293 0.19032416502946956 0.07244949494949494 0.07777996070726922
3 0.600189393939394 0.2511198428290766 0.06164141414141406 0.05722003929273085