0 0.5009848484848485 0.14204322200392927 0.08446969696969694 0.07658153241650292
5 0.6368686868686868 0.9380648330058939 0.1199621212121212 0.08270137524557962
7 0.5932828282828283 0.34854616895874263 0.08809343434343432 0.08577603143418472
7 0.5033964646464646 0.29498035363457764 0.0676262626262627 0.05688605108055007
7 0.48926767676767674 0.34526522593320236 0.07243686868686869 0.053035363457760325
7 0.2232449494949495 0.29872298624754423 0.0628787878787879 0.06437131630648327
7 0.28637626262626265 0.34480353634577604 0.06338383838383845 0.059577603143418444
7 0.30470959595959596 0.3001375245579568 0.09525252525252517 0.06751473477406682
3 0.15079545454545457 0.25803536345776035 0.06589646464646465 0.055962671905697474
3 0.1532070707070707 0.20892927308447937 0.05628787878787877 0.058791748526522615
3 0.21212121212121213 0.20799607072691553 0.06396464646464642 0.07216110019646368
3 0.2923863636363636 0.21056974459724953 0.08743686868686869 0.06982318271119847
3 0.49648989898989904 0.20800589390962673 0.07244949494949494 0.07777996070726922
3 0.58125 0.2688015717092338 0.06164141414141406 0.05722003929273085