0 0.5080714285714285 0.17277777777777778 0.07964285714285711 0.07218518518518517
5 0.6361904761904762 0.9231018518518519 0.11310714285714285 0.07795370370370376
7 0.5950952380952381 0.36742592592592593 0.08305952380952379 0.0808518518518519
7 0.5103452380952381 0.3169351851851852 0.06376190476190484 0.05362037037037034
7 0.49702380952380953 0.36433333333333334 0.06829761904761905 0.04999074074074075
7 0.24620238095238095 0.320462962962963 0.0592857142857143 0.060675925925925904
7 0.3057261904761905 0.36389814814814814 0.05976190476190478 0.056157407407407385
7 0.3230119047619047 0.3217962962962963 0.08980952380952377 0.06363888888888891
3 0.17789285714285716 0.2821111111111111 0.06213095238095238 0.052750000000000026
3 0.18016666666666667 0.23582407407407407 0.053071428571428554 0.05541666666666669
3 0.2357142857142857 0.23494444444444446 0.06030952380952377 0.06801851851851852
3 0.31139285714285714 0.23737037037037037 0.08244047619047619 0.06581481481481483
3 0.5038333333333334 0.2349537037037037 0.0683095238095238 0.07331481481481485
3 0.58375 0.2922592592592593 0.05811904761904761 0.05393518518518518