0 0.41483333333333333 0.17895370370370373 0.08702380952380954 0.0739537037037037
3 0.0735952380952381 0.238462962962963 0.07802380952380954 0.06070370370370373
3 0.13878571428571426 0.22701851851851854 0.06369047619047617 0.07860185185185184
3 0.21842857142857142 0.2384814814814815 0.0778809523809524 0.08212962962962965
3 0.4275952380952381 0.23053703703703704 0.08813095238095235 0.05038888888888891
3 0.4854047619047619 0.28124074074074074 0.09494047619047619 0.0653888888888889
3 0.09032142857142858 0.2785925925925926 0.08239285714285711 0.05481481481481486
7 0.1331190476190476 0.31055555555555553 0.0954285714285714 0.08876851851851852
7 0.20567857142857143 0.30900925925925926 0.0795833333333333 0.05746296296296291
7 0.20397619047619048 0.3636759259259259 0.06257142857142857 0.05925000000000001
7 0.4029285714285714 0.31606481481481485 0.06601190476190481 0.053944444444444434
7 0.4156904761904762 0.3592685185185185 0.06432142857142854 0.052194444444444446
7 0.4885238095238095 0.3623518518518518 0.07850000000000007 0.06188888888888892
5 0.5602380952380953 0.9169351851851851 0.12216666666666674 0.07442592592592602