0 0.609425 0.15268932038834954 0.09137500000000003 0.07754368932038835
3 0.96375 0.2145631067961165 0.0725 0.06407766990291262
3 0.899275 0.2030873786407767 0.066875 0.08241747572815533
3 0.81565 0.21510679611650485 0.0817750000000001 0.08611650485436897
3 0.596025 0.2067766990291262 0.09253749999999997 0.052834951456310696
3 0.5353249999999999 0.2599417475728155 0.0996875 0.0685631067961165
3 0.9501625 0.2571650485436893 0.08651250000000005 0.05747572815533985
7 0.9052250000000001 0.2906796116504854 0.10019999999999982 0.09307766990291262
7 0.8290375 0.28905825242718447 0.08356249999999989 0.06025242718446597
7 0.8308249999999999 0.346378640776699 0.06569999999999993 0.06212621359223302
7 0.6219250000000001 0.29645631067961165 0.06931250000000005 0.056563106796116494
7 0.6085250000000001 0.3417572815533981 0.06753749999999997 0.05472815533980583
7 0.53205 0.3449902912621359 0.08242500000000007 0.06489320388349518
5 0.45675 0.9264951456310679 0.12827500000000014 0.07803883495145642