0 0.38294117647058823 0.12452286282306164 0.09347826086956525 0.07939363817097415
3 0.02877237851662404 0.1878727634194831 0.05754475703324808 0.06560636182902585
3 0.08641943734015343 0.17612326043737575 0.06841432225063938 0.08438369781312126
3 0.17196930946291558 0.18842942345924454 0.08365728900255756 0.08817097415506962
3 0.39664961636828644 0.17990059642147116 0.09466751918158564 0.05409542743538769
3 0.45874680306905374 0.23433399602385688 0.10198209718670077 0.07019880715705766
3 0.03900255754475703 0.23111332007952287 0.07800511508951406 0.05864811133200795
7 0.08033248081841432 0.2658051689860835 0.10250639386189254 0.09529821073558649
7 0.15827365728900258 0.2641451292246521 0.08548593350383628 0.06168986083499001
7 0.1564450127877238 0.3228330019880716 0.06721227621483376 0.06360834990059643
7 0.370153452685422 0.2717196819085487 0.07090792838874686 0.057912524850894626
7 0.3838618925831202 0.3181013916500994 0.06909207161125316 0.05603379721669981
7 0.46209718670076727 0.3214115308151093 0.08432225063938625 0.06644135188866802
5 0.5391304347826087 0.9167892644135188 0.1312276214833761 0.07990059642147128