1 0.7458171745152354 0.9393534482758621 0.049736842105263274 0.06350215517241387
1 0.6647091412742383 0.7713254310344827 0.07290858725761772 0.059170258620689746
1 0.7210941828254848 0.8154418103448277 0.0669806094182824 0.055053879310344736
1 0.7405540166204987 0.8539224137931035 0.07951523545706352 0.05196120689655175
7 0.2812188365650969 0.7692780172413793 0.11380886426592808 0.086540948275862
7 0.42795013850415514 0.7000215517241379 0.07091412742382278 0.08343750000000007
7 0.48137119113573407 0.6199784482758621 0.09923822714681438 0.05818965517241379
7 0.568753462603878 0.5442995689655172 0.09463988919667596 0.0638685344827586
7 0.6360249307479224 0.370635775862069 0.08674515235457063 0.05212284482758621
7 0.6478947368421052 0.3188146551724138 0.09466759002770087 0.05932112068965512
7 0.38080332409972306 0.32600215517241377 0.06761772853185587 0.07407327586206898
7 0.41904432132964 0.5327693965517241 0.10454293628808867 0.07311422413793094
7 0.37849030470914125 0.6130603448275862 0.08279778393351797 0.06339439655172406
7 0.2192243767313019 0.7015625 0.09271468144044329 0.07420258620689645
7 0.09788088642659275 0.7302909482758622 0.07163434903047095 0.0660021551724138
3 0.7270221606648201 0.21749999999999997 0.07150969529085888 0.06633620689655179
3 0.6442520775623268 0.22160560344827585 0.09988919667590028 0.0766056034482759
3 0.38574792243767314 0.2226293103448276 0.09729916897506925 0.0807112068965517
0 0.3900415512465374 0.13924568965517242 0.11966759002770096 0.10043103448275861