1 0.3006190476190476 0.8673333333333334 0.04275000000000003 0.05456481481481487
1 0.3703333333333333 0.7229537037037037 0.06266666666666665 0.05084259259259267
1 0.3218690476190476 0.7608611111111111 0.057571428571428586 0.04730555555555548
1 0.30514285714285716 0.7939259259259259 0.06834523809523806 0.04464814814814817
7 0.699952380952381 0.7211944444444445 0.09782142857142866 0.07436111111111106
7 0.5738333333333333 0.6616851851851852 0.06095238095238101 0.0716944444444445
7 0.5279166666666667 0.5929074074074074 0.08529761904761902 0.05
7 0.45280952380952383 0.5278796296296296 0.08134523809523814 0.05487962962962961
7 0.39498809523809525 0.3786574074074074 0.0745595238095238 0.04478703703703704
7 0.38478571428571434 0.33412962962962967 0.08136904761904765 0.05097222222222218
7 0.6143571428571428 0.34030555555555553 0.05811904761904761 0.06364814814814816
7 0.5814880952380952 0.5179722222222222 0.08985714285714282 0.06282407407407399
7 0.6163452380952381 0.5869629629629629 0.07116666666666663 0.05447222222222216
7 0.7532380952380953 0.6630092592592592 0.07969047619047626 0.06375925925925917
7 0.8575357142857143 0.6876944444444445 0.0615714285714286 0.056712962962962965
3 0.3167738095238095 0.24707407407407406 0.06146428571428571 0.05700000000000003
3 0.3879166666666667 0.25060185185185185 0.08585714285714287 0.0658240740740741
3 0.6101071428571428 0.25148148148148153 0.08363095238095238 0.06935185185185183
0 0.6064166666666666 0.17983333333333335 0.1028571428571429 0.08629629629629629