1 0.3040102827763496 0.91972 0.04615681233933165 0.058930000000000066
1 0.37928020565552695 0.76379 0.06766066838046271 0.054910000000000084
1 0.32695372750642676 0.8047300000000001 0.062159383033419044 0.05108999999999992
1 0.30889460154241644 0.8404400000000001 0.07379177377892027 0.04822000000000003
7 0.7351670951156812 0.76189 0.10561696658097695 0.08030999999999995
7 0.5989974293059126 0.69762 0.0658097686375322 0.07743000000000007
7 0.5494215938303342 0.62334 0.09209511568123391 0.054
7 0.46832904884318766 0.55311 0.08782776349614402 0.05926999999999998
7 0.4058997429305913 0.39194999999999997 0.08050128534704369 0.04837
7 0.3948843187660669 0.34386 0.08785347043701802 0.05504999999999995
7 0.6427506426735218 0.35052999999999995 0.06275064267352178 0.06874000000000001
7 0.6072622107969151 0.54241 0.09701799485861184 0.06784999999999991
7 0.6448971722365039 0.6169199999999999 0.07683804627249353 0.058829999999999924
7 0.7926992287917738 0.69905 0.08604113110539853 0.0688599999999999
7 0.9053084832904885 0.7257100000000001 0.06647814910025711 0.06125
3 0.321452442159383 0.24983999999999998 0.0663624678663239 0.06156000000000006
3 0.3982647814910026 0.25365 0.09269922879177378 0.07109000000000003
3 0.6381619537275064 0.25460000000000005 0.09029562982005142 0.07489999999999998
0 0.6341773778920309 0.17722 0.1110539845758356 0.09319999999999999