0 0.36413253012048197 0.19514044943820225 0.09606024096385544 0.08012172284644194
3 0.37043373493975906 0.26825842696629215 0.08177108433734927 0.06790262172284643
3 0.6412048192771085 0.2704868913857678 0.07254216867469884 0.06880149812734083
3 0.7401686746987951 0.2735955056179775 0.09097590361445781 0.07117977528089886
7 0.812722891566265 0.38171348314606746 0.07824096385542176 0.05768726591760301
7 0.920012048192771 0.37122659176029965 0.07208433734939751 0.057771535580524384
7 0.919144578313253 0.4423408239700375 0.06731325301204834 0.05949438202247188
7 0.6432168674698795 0.37213483146067416 0.07310843373493983 0.06705056179775282
7 0.6492289156626506 0.4354307116104869 0.0748313253012047 0.06529026217228466
7 0.3767469879518073 0.3832771535580524 0.05308433734939753 0.0679400749063671
7 0.18857831325301203 0.3723501872659176 0.05542168674698795 0.060365168539325866
7 0.17997590361445784 0.4340917602996255 0.0932891566265061 0.0626123595505618
7 0.09421686746987958 0.3792602996254682 0.06290361445783137 0.06527153558052438