0 0.6330595238095238 0.19482407407407407 0.09491666666666669 0.07923148148148147
3 0.6268333333333332 0.2671296296296296 0.08079761904761898 0.06714814814814814
3 0.3592857142857143 0.2693333333333333 0.07167857142857147 0.06803703703703705
3 0.2615 0.2724074074074074 0.08989285714285716 0.07038888888888888
7 0.18980952380952382 0.3793240740740741 0.0773095238095238 0.05704629629629631
7 0.08379761904761905 0.36895370370370373 0.07122619047619048 0.05712962962962967
7 0.0846547619047619 0.43927777777777777 0.06651190476190477 0.0588333333333333
7 0.35729761904761903 0.3698518518518519 0.07223809523809518 0.06630555555555556
7 0.35135714285714287 0.43244444444444446 0.07394047619047621 0.06456481481481482
7 0.6205952380952381 0.38087037037037036 0.05245238095238089 0.06718518518518524
7 0.8065238095238095 0.37006481481481485 0.05476190476190476 0.05969444444444447
7 0.8150238095238095 0.4311203703703704 0.0921785714285715 0.06191666666666667
7 0.8997619047619048 0.37689814814814815 0.06215476190476195 0.06454629629629632