0 0.3629277108433735 0.1876498127340824 0.09606024096385544 0.08012172284644194
3 0.36922891566265065 0.2607677902621723 0.08177108433734927 0.06790262172284643
3 0.64 0.26299625468164795 0.07254216867469884 0.06880149812734083
3 0.7389638554216866 0.26610486891385765 0.09097590361445781 0.07117977528089886
7 0.8115180722891565 0.3742228464419476 0.07824096385542176 0.05768726591760301
7 0.9188072289156627 0.3637359550561798 0.07208433734939751 0.057771535580524384
7 0.9179397590361446 0.4348501872659176 0.06731325301204834 0.05949438202247188
7 0.6420120481927711 0.3646441947565543 0.07310843373493983 0.06705056179775282
7 0.6480240963855421 0.42794007490636704 0.0748313253012047 0.06529026217228466
7 0.37554216867469886 0.37578651685393255 0.05308433734939753 0.0679400749063671
7 0.18737349397590358 0.36485955056179775 0.05542168674698795 0.060365168539325866
7 0.1787710843373494 0.4266011235955056 0.0932891566265061 0.0626123595505618
7 0.09301204819277113 0.37176966292134833 0.06290361445783137 0.06527153558052438