7 0.8095802469135802 0.43699038461538464 0.05327160493827172 0.057432692307692323
7 0.8001728395061728 0.36258653846153843 0.08311111111111104 0.054749999999999945
7 0.883641975308642 0.3710673076923077 0.0603333333333332 0.05741346153846157
7 0.6270617283950617 0.359625 0.0690987654320988 0.04733653846153848
7 0.33814814814814814 0.36763461538461534 0.07903703703703702 0.05603846153846151
7 0.34930864197530864 0.42806730769230766 0.08491358024691355 0.06703846153846156
7 0.16061728395061728 0.36533653846153846 0.0738395061728395 0.054749999999999945
7 0.0730246913580247 0.3703653846153846 0.06797530864197532 0.08130769230769236
7 0.07361728395061728 0.42348076923076927 0.0860246913580247 0.06521153846153852
3 0.22703703703703704 0.2605 0.10086419753086419 0.06485576923076927
3 0.3534320987654321 0.2545576923076923 0.07667901234567903 0.06240384615384613
3 0.6294074074074074 0.25409615384615386 0.07850617283950607 0.05782692307692306
0 0.6205802469135802 0.17420192307692306 0.10137037037037025 0.09281730769230773