7 0.8116190476190476 0.43839814814814815 0.05136904761904773 0.05530555555555557
7 0.8025476190476191 0.36674999999999996 0.08014285714285707 0.05272222222222217
7 0.8830357142857143 0.3749166666666667 0.0581785714285713 0.05528703703703707
7 0.6356190476190475 0.36389814814814814 0.06663095238095242 0.04558333333333335
7 0.3570238095238095 0.3716111111111111 0.07621428571428569 0.053962962962962935
7 0.36778571428571427 0.42980555555555555 0.08188095238095235 0.06455555555555557
7 0.18583333333333332 0.36939814814814814 0.07120238095238096 0.05272222222222217
7 0.10136904761904762 0.37424074074074076 0.06554761904761905 0.07829629629629635
7 0.10194047619047618 0.4253888888888889 0.08295238095238096 0.06279629629629634
3 0.2498809523809524 0.2684444444444445 0.09726190476190474 0.06245370370370375
3 0.37176190476190474 0.26272222222222225 0.07394047619047621 0.06009259259259257
3 0.6378809523809524 0.2622777777777778 0.07570238095238092 0.05568518518518517
0 0.6293690476190476 0.1853425925925926 0.09774999999999995 0.08937962962962966