7 0.1585929648241206 0.430146484375 0.05420854271356795 0.05833007812500002
7 0.16816582914572867 0.354580078125 0.08457286432160796 0.05560546874999994
7 0.08322864321608041 0.363193359375 0.06139447236180891 0.058310546875000036
7 0.34432160804020107 0.351572265625 0.07031407035175882 0.04807617187500002
7 0.6383165829145729 0.35970703125 0.08042713567839194 0.05691406249999997
7 0.626959798994975 0.421083984375 0.08640703517587936 0.06808593750000003
7 0.8189698492462312 0.357373046875 0.0751381909547738 0.05560546874999994
7 0.9081030150753769 0.36248046875 0.06917085427135672 0.08257812500000006
7 0.9075 0.41642578125 0.08753768844221113 0.06623046875000005
3 0.7513819095477388 0.2508984375 0.10263819095477393 0.06586914062500004
3 0.6227638190954774 0.24486328125 0.07802763819095493 0.06337890624999998
3 0.3419346733668341 0.24439453125 0.07988693467336673 0.05873046874999999
0 0.35091708542713573 0.163251953125 0.10315326633165817 0.09426757812500003