0 0.5999047619047619 0.17696296296296296 0.09322619047619055 0.06733333333333336
3 0.5999047619047619 0.2397962962962963 0.08363095238095244 0.053037037037037014
3 0.39272619047619045 0.23802777777777778 0.0768333333333333 0.049240740740740724
3 0.32073809523809527 0.24816666666666665 0.07571428571428575 0.05893518518518517
7 0.25498809523809524 0.3385462962962963 0.0761904761904762 0.06717592592592589
7 0.17873809523809522 0.32905555555555555 0.06723809523809525 0.04876851851851848
7 0.17024999999999998 0.3771203703703704 0.07900000000000001 0.061453703703703705
7 0.4040714285714286 0.32069444444444445 0.08415476190476183 0.05790740740740737
7 0.4012380952380953 0.3762407407407407 0.06941666666666674 0.05263888888888891
7 0.5967857142857143 0.3303888888888889 0.06605952380952375 0.07025925925925926
7 0.748702380952381 0.324 0.0819642857142856 0.06452777777777773
7 0.816154761904762 0.33017592592592593 0.0763095238095237 0.07334259259259263
7 0.7535238095238096 0.37557407407407406 0.08252380952380944 0.0724722222222222
5 0.42929761904761904 0.9186944444444445 0.09833333333333336 0.09735185185185184