0 0.3513881019830028 0.15617582417582418 0.11092067988668564 0.07991208791208794
3 0.35138810198300274 0.23074725274725277 0.0995042492917847 0.06294505494505491
3 0.5978895184135977 0.22864835164835165 0.0914164305949008 0.05843956043956038
3 0.6835410764872522 0.24068131868131867 0.09008498583569409 0.06994505494505492
7 0.761770538243626 0.34794505494505495 0.0906515580736544 0.07972527472527467
7 0.8524929178470255 0.3366813186813187 0.08000000000000003 0.05787912087912083
7 0.8625920679886686 0.39372527472527474 0.09399433427762058 0.07293406593406594
7 0.5843909348441926 0.3267582417582418 0.100127478753541 0.06872527472527469
7 0.5877620396600566 0.39268131868131867 0.08259206798866864 0.062472527472527496
7 0.3550991501416431 0.33826373626373624 0.07859773371104817 0.08338461538461538
7 0.17434844192634566 0.3306813186813187 0.09752124645892338 0.07658241758241752
7 0.09409348441926338 0.33801098901098897 0.09079320113314435 0.08704395604395608
7 0.1686118980169971 0.3918901098901099 0.09818696883852682 0.086010989010989