0 0.3777083333333333 0.11348178137651822 0.10196614583333341 0.07360323886639679
3 0.37770833333333326 0.18216599190283403 0.09147135416666667 0.05797570850202426
3 0.6043098958333334 0.1802327935222672 0.08403645833333329 0.05382591093117404
3 0.6830468749999999 0.1913157894736842 0.08281249999999989 0.0644230769230769
7 0.7549609374999999 0.29011133603238864 0.08333333333333333 0.07343117408906878
7 0.838359375 0.2797368421052632 0.07354166666666669 0.05330971659919024
7 0.8476432291666667 0.3322773279352227 0.08640625000000017 0.06717611336032389
7 0.5919010416666667 0.27059716599190287 0.09204427083333326 0.06329959514170037
7 0.595 0.3313157894736842 0.07592447916666674 0.057540485829959534
7 0.3811197916666667 0.28119433198380567 0.07225260416666668 0.07680161943319838
7 0.21496093750000003 0.2742105263157895 0.08964843749999989 0.0705364372469635
7 0.14118489583333327 0.28096153846153843 0.08346354166666654 0.08017206477732797
7 0.20968749999999994 0.33058704453441295 0.09026041666666658 0.07922064777327933
5 0.5643098958333334 0.9242813765182187 0.10755208333333337 0.10641700404858287