5 0.562828418230563 0.9373277661795407 0.13498659517426279 0.12067849686847612
7 0.8982439678284183 0.3429331941544885 0.08193029490616638 0.09264091858037578
7 0.982573726541555 0.25626304801670147 0.03485254691689008 0.06576200417536535
7 0.8165415549597855 0.29521920668058454 0.08705093833780168 0.06876826722338204
7 0.6413404825737266 0.2947181628392484 0.08517426273458441 0.06379958246346555
7 0.639745308310992 0.34093945720250524 0.07816353887399456 0.0608350730688935
7 0.38348525469168904 0.29174321503131523 0.09033512064343177 0.08169102296450939
7 0.2019034852546917 0.29372651356993734 0.08335120643431644 0.07771398747390401
7 0.1932841823056301 0.35187891440501046 0.06229222520107242 0.056868475991649285
7 0.11733243967828415 0.29993736951983296 0.0712466487935658 0.07423799582463467
3 0.6371849865951742 0.19060542797494784 0.11135388739946388 0.07818371607515655
3 0.738994638069705 0.18388308977035492 0.07951742627345836 0.07241127348643006
3 0.3694369973190349 0.19830897703549064 0.08524128686327066 0.06576200417536535
0 0.3895576407506703 0.11280793319415448 0.11581769436997331 0.10324634655532355