5 0.618421052631579 0.9816810344827587 0.13988919667590027 0.036637931034482756
7 0.961218836565097 0.41163793103448276 0.07756232686980609 0.09482758620689655
7 0.8796952908587258 0.3629525862068965 0.08994459833795021 0.07099137931034483
7 0.6986703601108034 0.36243534482758616 0.08800554016620493 0.06586206896551725
7 0.6970221606648199 0.4101508620689655 0.08076177285318552 0.062801724137931
7 0.43224376731301944 0.35936422413793107 0.0933379501385043 0.08433189655172413
7 0.24462603878116343 0.3614116379310345 0.08612188365650979 0.08022629310344832
7 0.23572022160664827 0.4214439655172414 0.06436288088642662 0.05870689655172416
7 0.15724376731301934 0.3678232758620689 0.07361495844875358 0.07663793103448277
3 0.694376731301939 0.25495689655172415 0.11505540166204993 0.0807112068965517
3 0.7995706371191135 0.24801724137931036 0.08216066481994451 0.07475215517241379
3 0.4177285318559557 0.2629094827586207 0.0880747922437672 0.06788793103448276
0 0.43851800554016623 0.17464439655172412 0.11966759002770096 0.1065840517241379