5 0.45253571428571426 0.9138518518518519 0.11988095238095244 0.1070462962962963
7 0.1546547619047619 0.3866018518518518 0.07276190476190476 0.08217592592592593
7 0.0650952380952381 0.31010185185185185 0.06102380952380953 0.0584722222222222
7 0.22721428571428573 0.3442777777777778 0.0773095238095238 0.061
7 0.3828095238095238 0.3438333333333333 0.0756428571428571 0.0565925925925926
7 0.3842261904761905 0.38483333333333336 0.0694166666666666 0.053962962962962935
7 0.6118095238095238 0.34119444444444447 0.08022619047619053 0.07246296296296295
7 0.7730714285714285 0.3429537037037037 0.0740238095238096 0.06893518518518522
7 0.7807261904761904 0.3945370370370371 0.055321428571428605 0.05044444444444446
7 0.8481785714285714 0.3484629629629629 0.06327380952380963 0.06585185185185186
3 0.3865 0.25148148148148153 0.0988928571428572 0.06935185185185183
3 0.29608333333333337 0.24551851851851855 0.07061904761904761 0.06423148148148149
3 0.6242857142857142 0.25831481481481483 0.07570238095238092 0.058333333333333334
0 0.6064166666666666 0.1824722222222222 0.1028571428571429 0.09158333333333331