0 0.6347619047619049 0.21112962962962964 0.08471428571428574 0.06952777777777776
7 0.6177619047619047 0.5827777777777777 0.06492857142857139 0.08136111111111122
7 0.34682142857142856 0.5034166666666667 0.06940476190476184 0.04959259259259254
7 0.14501190476190476 0.38680555555555557 0.10522619047619046 0.06374074074074076
7 0.35048809523809527 0.3890092592592593 0.07060714285714292 0.05227777777777781
7 0.34965476190476186 0.4421481481481481 0.056940476190476236 0.055750000000000036
7 0.6418452380952381 0.3874722222222223 0.061476190476190594 0.05712962962962967
7 0.8116190476190476 0.3866018518518518 0.06496428571428564 0.0610185185185185
7 0.8138928571428571 0.4421481481481481 0.07403571428571436 0.06632407407407412
7 0.9159166666666667 0.3969537037037037 0.06726190476190476 0.06411111111111112
3 0.625702380952381 0.28079629629629627 0.06946428571428567 0.05569444444444442
3 0.3380357142857143 0.2814537037037037 0.06996428571428569 0.05172222222222223
3 0.2493095238095238 0.27505555555555555 0.08252380952380951 0.054518518518518515
1 0.23373809523809524 0.669175925925926 0.0472738095238095 0.04612962962962957
1 0.4488452380952381 0.8962129629629629 0.04221428571428576 0.04708333333333325
5 0.359 0.9178148148148149 0.10284523809523807 0.07795370370370376