0 0.6681818181818182 0.1925540275049116 0.08984848484848496 0.07376227897838897
7 0.6501515151515151 0.5868369351669941 0.06886363636363632 0.0863163064833007
7 0.362790404040404 0.5026424361493125 0.07361111111111106 0.05261296660117873
7 0.14875 0.3789292730844794 0.11160353535353533 0.06762278978389001
7 0.36667929292929297 0.3812671905697446 0.07488636363636371 0.05546168958742636
7 0.36579545454545453 0.43764243614931236 0.06039141414141419 0.05914538310412577
7 0.6756944444444444 0.3796365422396857 0.06520202020202033 0.06060903732809435
7 0.8557575757575757 0.378713163064833 0.06890151515151507 0.06473477406679762
7 0.8581691919191918 0.43764243614931236 0.07852272727272734 0.07036345776031445
7 0.9652777777777778 0.3894891944990177 0.06944444444444445 0.06777996070726916
3 0.6585732323232324 0.26646365422396856 0.07367424242424231 0.05908644400785852
3 0.3534722222222222 0.26716110019646366 0.07420454545454543 0.054872298624754436
3 0.25936868686868686 0.26037328094302553 0.08752525252525252 0.05783889980353634
1 0.24285353535353535 0.6784970530451867 0.050138888888888865 0.04893909626719051
1 0.4709974747474747 0.919361493123772 0.04477272727272732 0.049950884086443915
5 0.3757070707070707 0.942278978388998 0.10907828282828282 0.08270137524557962