0 0.6739473684210527 0.23260245901639345 0.09363157894736852 0.07693647540983604
7 0.655157894736842 0.6438524590163934 0.07176315789473679 0.09003073770491815
7 0.3556973684210526 0.5560348360655738 0.07671052631578941 0.05487704918032781
7 0.13264473684210526 0.4269979508196721 0.11630263157894735 0.07053278688524593
7 0.35975 0.42943647540983604 0.0780394736842106 0.05784836065573774
7 0.358828947368421 0.48823770491803276 0.06293421052631584 0.06169057377049184
7 0.6817763157894736 0.42773565573770495 0.06794736842105277 0.06321721311475414
7 0.869421052631579 0.4267725409836065 0.07180263157894728 0.06752049180327867
7 0.8719342105263157 0.48823770491803276 0.08182894736842113 0.07339139344262306
7 0.9736842105263158 0.4380122950819672 0.05263157894736842 0.0706967213114754
3 0.6639342105263158 0.3096926229508197 0.07677631578947357 0.061629098360655714
3 0.34598684210526315 0.31042008196721316 0.07732894736842102 0.05723360655737706
3 0.24792105263157893 0.30334016393442625 0.09121052631578946 0.06032786885245901
1 0.23071052631578948 0.7394569672131148 0.05224999999999997 0.05104508196721305
1 0.4677631578947368 0.9820696721311475 0.046052631578947366 0.035860655737704916
5 0.3684210526315789 0.985655737704918 0.11315789473684211 0.028688524590163935