0 0.6004642857142857 0.1699074074074074 0.08755952380952375 0.0849722222222222
3 0.6140833333333334 0.23957407407407408 0.09610714285714288 0.061407407407407376
3 0.4114285714285715 0.24375925925925926 0.08022619047619046 0.060703703703703676
3 0.32441666666666663 0.2408888888888889 0.07967857142857147 0.06819444444444442
7 0.26292857142857146 0.32135185185185183 0.08072619047619048 0.05923148148148151
7 0.23854761904761904 0.5404444444444444 0.07459523809523806 0.08264814814814814
7 0.40009523809523806 0.3275277777777778 0.05808333333333329 0.06805555555555555
7 0.6169166666666667 0.32223148148148145 0.09044047619047622 0.06275925925925924
7 0.7506904761904762 0.32355555555555554 0.06098809523809526 0.060111111111111074
7 0.7492738095238095 0.3711666666666667 0.0740238095238096 0.05484259259259261
7 0.8133214285714286 0.3204722222222222 0.07516666666666678 0.07157407407407403