0 0.5878174603174603 0.09619341563786009 0.09728835978835973 0.09441358024691356
3 0.6029497354497355 0.1736008230452675 0.1067857142857143 0.06823045267489705
3 0.3777777777777778 0.17825102880658436 0.08914021164021162 0.06744855967078184
3 0.28109788359788357 0.17506172839506176 0.08853174603174611 0.07577160493827158
7 0.2127777777777778 0.2644650205761317 0.0896957671957672 0.06581275720164612
7 0.18568783068783068 0.5079012345679011 0.08288359788359784 0.0918312757201646
7 0.36518518518518517 0.27132716049382716 0.06453703703703699 0.07561728395061729
7 0.6060978835978836 0.2654423868312757 0.10048941798941803 0.06973251028806582
7 0.7547354497354498 0.2669135802469136 0.06776455026455029 0.06679012345679008
7 0.7531613756613756 0.31981481481481483 0.08224867724867733 0.060936213991769565
7 0.8243253968253968 0.26348765432098764 0.08351851851851864 0.07952674897119337