0 0.4106296296296296 0.13990384615384616 0.09080246913580241 0.0882403846153846
3 0.3965061728395061 0.21225000000000002 0.0996666666666667 0.0637692307692307
3 0.6066666666666667 0.21659615384615383 0.08319753086419765 0.06303846153846149
3 0.6969012345679012 0.21361538461538465 0.0826296296296297 0.07081730769230767
7 0.7606666666666666 0.29717307692307693 0.08371604938271598 0.06150961538461541
7 0.7859506172839507 0.5246923076923077 0.07735802469135812 0.08582692307692306
7 0.6184197530864198 0.3035865384615385 0.06023456790123452 0.07067307692307692
7 0.39356790123456786 0.29808653846153843 0.09379012345679015 0.0651730769230769
7 0.25483950617283946 0.29946153846153845 0.06324691358024694 0.06242307692307689
7 0.25630864197530867 0.3489038461538462 0.0767654320987655 0.056951923076923094
7 0.18988888888888883 0.29625961538461537 0.07795061728395074 0.07432692307692303