7 0.11951190476190476 0.4139351851851852 0.08183333333333331 0.06455555555555557
7 0.20738095238095236 0.3623518518518518 0.07617857142857144 0.05660185185185185
7 0.3592857142857143 0.3680833333333333 0.06486904761904763 0.06630555555555556
7 0.6126666666666667 0.3623518518518518 0.06833333333333337 0.05660185185185185
7 0.7883809523809524 0.3605925925925926 0.08423809523809522 0.060129629629629575
7 0.7821428571428571 0.4183425925925926 0.08309523809523804 0.06102777777777775
7 0.8722738095238096 0.3667592592592593 0.06611904761904758 0.06365740740740741
0 0.6109642857142857 0.1895462962962963 0.1261428571428572 0.09004629629629629
3 0.6262619047619047 0.25566666666666665 0.08192857142857135 0.058333333333333334
3 0.36778571428571427 0.25919444444444445 0.08867857142857144 0.06714814814814814
3 0.28219047619047616 0.2558796296296296 0.09385714285714283 0.0822962962962963