7 0.11427360774818401 0.40682674199623353 0.08322033898305083 0.06564971751412432
7 0.2036319612590799 0.35436911487758943 0.07746973365617435 0.057561205273069675
7 0.3581113801452785 0.3601977401129943 0.06596852300242131 0.06742937853107346
7 0.6157869249394673 0.35436911487758943 0.06949152542372893 0.057561205273069675
7 0.7944794188861986 0.3525800376647834 0.08566585956416464 0.06114877589453855
7 0.788135593220339 0.4113088512241055 0.08450363196125903 0.06206214689265534
7 0.8797941888619856 0.35885122410546144 0.06723970944309923 0.06473634651600753
0 0.6140556900726393 0.1786346516007533 0.12828087167070223 0.09157250470809793
3 0.6296125907990314 0.24587570621468927 0.0833171912832929 0.059322033898305086
3 0.36675544794188863 0.2494632768361582 0.090181598062954 0.06828625235404895
3 0.2797094430992736 0.24609227871939737 0.09544794188861982 0.08369114877589454