7 0.128782722513089 0.3921079429735234 0.08997382198952877 0.07099796334012223
7 0.22539267015706804 0.3353767820773931 0.08375654450261781 0.06225050916496944
7 0.3924083769633508 0.3416802443991853 0.07132198952879583 0.0729226069246436
7 0.6709947643979057 0.3353767820773931 0.07513089005235614 0.06225050916496944
7 0.8641884816753926 0.3334419551934827 0.0926178010471204 0.06613034623217917
7 0.8573298429319371 0.3969551934826884 0.09136125654450256 0.06711812627291239
7 0.9564267015706807 0.3402240325865581 0.07269633507853399 0.070010183299389
0 0.6691230366492147 0.14532586558044808 0.13869109947643984 0.09903258655804481
3 0.6859424083769633 0.21804480651731162 0.09007853403141353 0.06415478615071284
3 0.4017539267015707 0.22192464358452138 0.09750000000000002 0.07384928716904275
3 0.3076439790575916 0.21827902240325867 0.10319371727748688 0.09050916496945009