3 0.24591666666666667 0.28144444444444444 0.055321428571428605 0.06465740740740744
3 0.34625 0.28079629629629627 0.07734523809523813 0.06098148148148149
3 0.6237142857142857 0.2823333333333333 0.05642857142857147 0.044675925925925924
7 0.34228571428571425 0.3852777777777778 0.07847619047619046 0.058370370370370336
7 0.1634404761904762 0.38087037037037036 0.06539285714285716 0.06189814814814817
7 0.06425 0.43839814814814815 0.0733095238095238 0.05530555555555557
7 0.6486547619047619 0.3850555555555556 0.0677738095238096 0.05087962962962967
7 0.8138928571428571 0.3815277777777778 0.06723809523809526 0.05793518518518523
7 0.8229523809523809 0.4355277777777778 0.06950000000000013 0.04780555555555555
7 0.9198809523809525 0.385712962962963 0.05932142857142848 0.04690740740740738
0 0.6333571428571428 0.20232407407407407 0.09836904761904768 0.06448148148148147
5 0.5004166666666667 0.9164814814814815 0.10175000000000003 0.07811111111111112