3 0.2642287917737789 0.27896 0.05973007712082266 0.06983000000000004
3 0.3725578406169666 0.27826 0.08350899742930595 0.06586000000000002
3 0.6721336760925449 0.27992 0.06092544987146541 0.04825
7 0.36827763496143956 0.3911 0.08473007712082258 0.06303999999999996
7 0.17517994858611824 0.38633999999999996 0.07060411311053985 0.06685000000000002
7 0.06808483290488432 0.44847000000000004 0.07915167095115679 0.05973000000000002
7 0.6990616966580977 0.39086000000000004 0.07317480719794353 0.05495000000000005
7 0.8774678663239074 0.38705 0.07259640102827766 0.06257000000000006
7 0.8872493573264781 0.44537 0.0750385604113112 0.051629999999999995
7 0.9794344473007712 0.391 0.04113110539845758 0.05
0 0.6825449871465296 0.19351 0.10620822622107984 0.06963999999999998
5 0.538560411311054 0.961 0.11053984575835475 0.078