3 0.23802949061662199 0.26926931106471813 0.06229222520107242 0.07289144050104389
3 0.3510053619302949 0.2685386221294363 0.08709115281501344 0.06874739039665972
3 0.6634316353887398 0.2702713987473904 0.06353887399463819 0.05036534446764092
7 0.3465415549597855 0.3863256784968685 0.08836461126005356 0.06580375782880998
7 0.14516085790884717 0.381356993736952 0.07363270777479894 0.06978079331941547
7 0.03686327077747989 0.44572025052192066 0.07372654155495978 0.06263048016701461
7 0.691514745308311 0.38607515657620045 0.0763136729222521 0.057359081419624265
7 0.8775737265415549 0.382098121085595 0.07571045576407509 0.06531315240083513
7 0.8877747989276139 0.4429749478079332 0.07825737265415564 0.05389352818371607
7 0.9812332439678284 0.3862212943632568 0.03753351206434316 0.05219206680584551
0 0.6742895442359249 0.18007306889352817 0.11076407506702428 0.07269311064718162
5 0.5241286863270778 0.9702505219206681 0.11528150134048257 0.059498956158663886