5 0.7067619047619047 0.9138518518518519 0.12503571428571425 0.09117592592592584
7 0.37373809523809526 0.34825 0.08017857142857146 0.07951851851851852
7 0.2280714285714286 0.35133333333333333 0.07901190476190477 0.0680648148148148
7 0.1379404761904762 0.3905648148148148 0.10280952380952382 0.07424074074074069
7 0.6186190476190476 0.3436203703703704 0.08703571428571423 0.07025925925925926
7 0.7555000000000001 0.3469259259259259 0.061559523809523856 0.06100925925925925
7 0.7659880952380952 0.38791666666666663 0.07119047619047614 0.058370370370370336
7 0.864047619047619 0.35309259259259257 0.07915476190476192 0.053953703703703684
3 0.595654761904762 0.25831481481481483 0.06152380952380953 0.053037037037037014
3 0.37714285714285717 0.2541296296296296 0.08017857142857146 0.07463888888888891
3 0.2963571428571429 0.2591851851851852 0.0677738095238095 0.06510185185185188
0 0.6081190476190476 0.1877685185185185 0.09265476190476195 0.08100000000000002