5 0.7298421052631578 0.9446311475409837 0.1381973684210526 0.10089139344262274
7 0.36176315789473684 0.31876024590163937 0.08861842105263161 0.08799180327868852
7 0.20076315789473687 0.322172131147541 0.08732894736842106 0.07531762295081966
7 0.10114473684210527 0.3655840163934426 0.11363157894736844 0.08215163934426224
7 0.6324210526315789 0.31363729508196725 0.0961973684210525 0.07774590163934426
7 0.7837105263157895 0.3172950819672131 0.06803947368421058 0.06751024590163933
7 0.7953026315789473 0.3626536885245902 0.07868421052631573 0.0645901639344262
7 0.9036842105263158 0.3241188524590164 0.08748684210526317 0.059702868852459
3 0.6070394736842105 0.21924180327868853 0.06800000000000009 0.05868852459016391
3 0.3655263157894737 0.2146106557377049 0.08861842105263161 0.0825922131147541
3 0.27623684210526317 0.2202049180327869 0.07490789473684203 0.07203893442622956
0 0.6208157894736842 0.1411782786885246 0.10240789473684216 0.08963114754098363