7 0.3455464480874317 0.3926702127659575 0.09200819672131151 0.09136170212765957
7 0.17838797814207652 0.3962127659574468 0.09066939890710383 0.07820212765957446
7 0.07495901639344263 0.4412872340425532 0.11797814207650276 0.08529787234042548
7 0.6265573770491804 0.38735106382978723 0.09987704918032773 0.08072340425531914
7 0.7836338797814207 0.3911489361702128 0.07064207650273228 0.07009574468085104
7 0.7956693989071038 0.43824468085106383 0.08169398907103818 0.067063829787234
7 0.9081967213114753 0.39823404255319145 0.09083333333333335 0.06198936170212764
3 0.600204918032787 0.2893404255319149 0.07060109289617494 0.06093617021276593
3 0.3494535519125683 0.284531914893617 0.09200819672131151 0.08575531914893618
3 0.2567486338797814 0.2903404255319149 0.07777322404371578 0.07479787234042559
0 0.6145081967213115 0.20828723404255317 0.10632513661202192 0.09306382978723406