0 0.7105540166204986 0.14094827586206898 0.10455678670360112 0.08119612068965519
1 0.3748753462603878 0.5672952586206897 0.055678670360110864 0.07210129310344836
7 0.27529085872576176 0.3197521551724138 0.0886426592797784 0.08997844827586207
7 0.38542936288088636 0.471864224137931 0.1137257617728532 0.07206896551724125
7 0.44940443213296405 0.3192349137931034 0.08076177285318552 0.06637931034482761
7 0.7108864265927978 0.3256465517241379 0.09994459833795025 0.08741379310344828
7 0.8628808864265928 0.31795258620689654 0.07688365650969528 0.07201508620689659
7 0.9512603878116342 0.3192349137931034 0.08218836565096942 0.09100215517241385
7 0.8826731301939058 0.37592672413793105 0.0689750692520775 0.06075431034482758
3 0.7138504155124653 0.22432112068965518 0.09004155124653739 0.07147629310344832
3 0.4563296398891967 0.2145689655172414 0.0946121883656509 0.06633620689655166
3 0.36398891966759006 0.21429956896551725 0.07686980609418283 0.07167025862068964
5 0.9522160664819944 0.9762931034482759 0.09556786703601108 0.04741379310344827