0 0.6154999999999999 0.17851851851851852 0.08986904761904763 0.06976851851851854
1 0.32697619047619053 0.5448611111111111 0.047857142857142876 0.06195370370370378
7 0.24138095238095236 0.3321574074074074 0.0761904761904762 0.07731481481481481
7 0.33604761904761904 0.4628611111111111 0.09775000000000002 0.06192592592592587
7 0.3910357142857143 0.331712962962963 0.0694166666666666 0.05703703703703706
7 0.6157857142857143 0.3372222222222222 0.08590476190476193 0.07511111111111111
7 0.7464285714285714 0.33061111111111113 0.06608333333333333 0.061879629629629666
7 0.822392857142857 0.331712962962963 0.07064285714285705 0.07819444444444448
7 0.7634404761904762 0.38042592592592595 0.05928571428571423 0.0522037037037037
3 0.6183333333333333 0.25015740740740744 0.07739285714285714 0.061416666666666675
3 0.39698809523809525 0.24177777777777779 0.0813214285714285 0.056999999999999974
3 0.31761904761904763 0.2415462962962963 0.06607142857142857 0.06158333333333332
5 0.8240833333333334 0.915814814814815 0.08240476190476194 0.07943518518518526