0 0.35579365079365083 0.18600823045267492 0.09985449735449736 0.07752057613168727
1 0.6763756613756614 0.5930555555555556 0.053174603174603235 0.06883744855967086
7 0.7714814814814815 0.3567181069958848 0.08465608465608465 0.08590534979423868
7 0.6662962962962964 0.5019444444444444 0.10861111111111128 0.0688065843621398
7 0.6051984126984127 0.35622427983539096 0.07712962962962956 0.06337448559670784
7 0.3554761904761905 0.36234567901234566 0.09544973544973556 0.08345679012345679
7 0.21031746031746032 0.355 0.07342592592592591 0.06875514403292185
7 0.12591269841269848 0.35622427983539096 0.07849206349206338 0.08688271604938276
7 0.19141534391534396 0.4103497942386831 0.06587301587301582 0.058004115226337444
3 0.35264550264550265 0.26560699588477366 0.08599206349206348 0.06824074074074078
3 0.598584656084656 0.2562962962962963 0.09035714285714279 0.06333333333333328
3 0.6867724867724868 0.25603909465020575 0.07341269841269842 0.06842592592592592
5 0.125 0.9804526748971193 0.09126984126984126 0.03909465020576132