0 0.2957340720221606 0.11626077586206895 0.10843490304709136 0.09017241379310345
5 0.038781163434903045 0.9709051724137931 0.07756232686980609 0.05818965517241379
7 0.3366204986149584 0.9253556034482758 0.0841274238227147 0.0711961206896551
7 0.91398891966759 0.351239224137931 0.0868005540166206 0.07367456896551725
7 0.7108725761772853 0.3599676724137931 0.06887811634349034 0.07511853448275865
7 0.38310249307479227 0.3517564655172414 0.07026315789473686 0.06690732758620693
7 0.1747091412742382 0.35355603448275863 0.06502770083102499 0.06639008620689657
3 0.7995706371191135 0.23016163793103445 0.05842105263157903 0.059353448275862114
3 0.6983379501385042 0.23119612068965517 0.09130193905817169 0.0740409482758621
3 0.2927562326869806 0.20375 0.07951523545706382 0.07659482758620693
6 0.35211911357340725 0.43897629310344827 0.07950138504155137 0.07103448275862077
6 0.2564819944598337 0.4153771551724138 0.08612188365650979 0.07512931034482762
1 0.1747091412742382 0.7026831896551724 0.080858725761773 0.06086206896551726
1 0.15261772853185604 0.7673275862068966 0.07229916897506931 0.06704741379310347