0 0.2903667481662591 0.15198669201520912 0.09570904645476769 0.07954372623574145
5 0.0488997555012225 0.9192015209125475 0.097799511002445 0.0779467680608365
7 0.32645476772616133 0.865712927756654 0.07425427872860636 0.06280418250950565
7 0.8360635696821516 0.35926806083650187 0.07661369193154043 0.06499049429657795
7 0.6567848410757946 0.36696768060836504 0.06079462102689489 0.06626425855513311
7 0.3674816625916871 0.3597243346007605 0.06201711491442545 0.059020912547528545
7 0.18354523227383862 0.3613117870722434 0.057396088019559956 0.05856463878326997
3 0.7350733496332518 0.25246197718631175 0.051564792176039195 0.05235741444866924
3 0.6457212713936431 0.2533745247148289 0.08058679706601476 0.0653136882129278
3 0.2877383863080685 0.2291634980988593 0.07018337408312969 0.06756653992395441
6 0.3401344743276284 0.4366634980988593 0.07017114914425439 0.06266159695817497
6 0.255721271393643 0.41584600760456275 0.07601466992665044 0.06627376425855516
1 0.18354523227383862 0.669287072243346 0.07136919315403437 0.05368821292775667
1 0.16404645476772622 0.7263117870722434 0.06381418092909541 0.05914448669201523