0 0.7053333333333334 0.16749074074074072 0.09320238095238091 0.07748148148148148
5 0.9428333333333333 0.9151574074074073 0.09882142857142856 0.07546296296296286
7 0.6701904761904762 0.862712962962963 0.07230952380952382 0.06117592592592587
7 0.17392857142857143 0.36939814814814814 0.07460714285714287 0.06330555555555556
7 0.34851190476190474 0.37689814814814815 0.05920238095238097 0.06454629629629632
7 0.6302380952380953 0.3698425925925926 0.060392857142857165 0.05749074074074077
7 0.8093571428571429 0.37138888888888894 0.055892857142857195 0.05704629629629631
3 0.27227380952380953 0.2653611111111111 0.050214285714285725 0.05100000000000004
3 0.3592857142857143 0.26625 0.07847619047619042 0.06362037037037038
3 0.7078928571428571 0.24266666666666664 0.0683452380952382 0.06581481481481483
6 0.6568690476190476 0.44478703703703704 0.06833333333333344 0.06103703703703705
6 0.7390714285714286 0.4245092592592593 0.0740238095238096 0.06455555555555557
1 0.8093571428571429 0.6713796296296296 0.06950000000000013 0.05229629629629631
1 0.8283452380952381 0.726925925925926 0.062142857142857194 0.057611111111111134