6 0.300705596107056 0.7667769376181475 0.08374695863746963 0.07033081285444243
6 0.30708029197080294 0.8387901701323252 0.06338199513381998 0.05029300567107754
7 0.2303284671532847 0.6783553875236296 0.07159367396593677 0.07981096408317585
7 0.17356447688564475 0.377296786389414 0.08318734793187348 0.0718147448015123
7 0.3432846715328467 0.3788846880907373 0.06397810218978106 0.0681379962192817
7 0.6334914841849149 0.36448015122873345 0.08141119221411201 0.05913043478260865
7 0.8182725060827251 0.3752835538752363 0.08029197080291971 0.08073724007561432
0 0.6430535279805353 0.3863137996219282 0.07967153284671534 0.07219281663516068
3 0.34590024330900243 0.2571550094517958 0.09003649635036495 0.0604442344045369
3 0.24944038929440387 0.2634499054820416 0.08896593673965936 0.0655576559546314
3 0.6416058394160584 0.4578638941398866 0.09300486618004872 0.08571833648393189
1 0.8478102189781022 0.8639981096408318 0.06291970802919711 0.06469754253308133
1 0.8779318734793187 0.9256427221172023 0.05829683698296846 0.04401701323251412