6 0.7313231552162849 0.7660573122529645 0.087582697201018 0.0735276679841898
6 0.7246564885496183 0.8413438735177866 0.06628498727735357 0.052579051383399245
7 0.8049236641221373 0.6736166007905139 0.07487277353689585 0.08343873517786567
7 0.8642875318066159 0.3588735177865613 0.08699745547073777 0.07507905138339922
7 0.6867938931297709 0.36053359683794467 0.06690839694656507 0.07123517786561268
7 0.383295165394402 0.34547430830039527 0.08513994910941484 0.061818181818181765
7 0.19005089058524172 0.35676877470355733 0.08396946564885496 0.08440711462450588
0 0.373295165394402 0.36830039525691705 0.08332061068702291 0.07547430830039525
3 0.684058524173028 0.2332707509881423 0.09416030534351144 0.06319169960474313
3 0.7849363867684479 0.2398517786561265 0.09304071246819352 0.06853754940711464
3 0.37480916030534356 0.443102766798419 0.09726463104325705 0.08961462450592879
1 0.15916030534351147 0.8676976284584981 0.06580152671755729 0.06763833992094866
1 0.12765903307888044 0.9321442687747036 0.06096692111959297 0.04601778656126476