6 0.30854761904761907 0.7650462962962963 0.08195238095238098 0.06889814814814822
6 0.3147857142857143 0.8355925925925927 0.06202380952380955 0.04926851851851855
7 0.23967857142857144 0.678425925925926 0.07005952380952384 0.07818518518518523
7 0.18413095238095237 0.3835 0.0814047619047619 0.07035185185185187
7 0.3502142857142857 0.3850555555555556 0.06260714285714289 0.06675000000000003
7 0.634202380952381 0.37094444444444447 0.07966666666666669 0.057925925925925874
7 0.8150238095238095 0.3815277777777778 0.07857142857142857 0.07909259259259256
0 0.6435595238095239 0.39233333333333337 0.07796428571428572 0.07072222222222221
3 0.3527738095238095 0.2658055555555556 0.08810714285714284 0.05921296296296298
3 0.2583809523809524 0.2719722222222222 0.08705952380952381 0.06422222222222224
3 0.6421428571428571 0.46242592592592596 0.09101190476190482 0.08397222222222217
1 0.8439285714285714 0.860287037037037 0.0615714285714286 0.06337962962962967
1 0.8734047619047619 0.920675925925926 0.05704761904761913 0.04312037037037031