3 0.2959924623115578 0.230712890625 0.09007537688442217 0.06958984374999999
3 0.3839321608040201 0.237236328125 0.0786306532663317 0.06803710937499996
3 0.6426381909547738 0.23258789062500002 0.08167085427135677 0.06617187499999999
7 0.656997487437186 0.341845703125 0.06732412060301497 0.059697265624999996
7 0.3848241206030151 0.34068359375 0.08760050251256284 0.064814453125
7 0.21165829145728643 0.3332421875 0.07141959798994978 0.057373046875
7 0.11086683417085427 0.392998046875 0.08276381909547738 0.06901367187499996
7 0.8205904522613066 0.33626953125 0.07393216080401999 0.07643554687499998
7 0.912713567839196 0.3344140625 0.08113065326633156 0.07830078124999995
0 0.6456155778894472 0.15259765625 0.07503768844221108 0.07520507812499999
5 0.5089447236180905 0.922109375 0.11574120603015074 0.09336914062500012