3 0.2864404761904762 0.2622685185185185 0.08535714285714288 0.06598148148148147
3 0.36977380952380956 0.2684537037037037 0.07451190476190479 0.06450925925925925
3 0.6149285714285714 0.26404629629629633 0.07739285714285714 0.06274074074074074
7 0.6285357142857143 0.3676388888888889 0.06379761904761902 0.05660185185185185
7 0.3706190476190476 0.36653703703703705 0.08301190476190479 0.061453703703703705
7 0.2065238095238095 0.3594814814814815 0.06767857142857145 0.05439814814814815
7 0.11101190476190476 0.4161388888888889 0.07842857142857142 0.06543518518518515
7 0.7835595238095239 0.3623518518518518 0.0700595238095237 0.0724722222222222
7 0.8708571428571429 0.3605925925925926 0.0768809523809523 0.07424074074074069
0 0.6177499999999999 0.1882037037037037 0.07110714285714288 0.07130555555555555
5 0.48823809523809525 0.9178148148148149 0.10967857142857142 0.08852777777777779