3 0.7095232273838631 0.26924904942965777 0.08765281173594137 0.06773764258555132
3 0.6239486552567237 0.27559885931558936 0.0765158924205378 0.06622623574144483
3 0.37220048899755503 0.27107414448669204 0.07947432762836185 0.06441064638783268
7 0.3582273838630807 0.3774239543726236 0.06551344743276273 0.058108365019011406
7 0.6230806845965771 0.37629277566539926 0.08524449877750613 0.0630893536121673
7 0.7915892420537897 0.3690494296577947 0.06949877750611236 0.055846007604562736
7 0.8896699266503667 0.4272148288973384 0.08053789731051358 0.06717680608365015
7 0.1990342298288508 0.3719961977186311 0.07194376528117348 0.07440114068441063
7 0.10938875305623474 0.37019011406844105 0.07894865525672362 0.07621673003802276
0 0.3693031784841076 0.193212927756654 0.0730195599022005 0.07320342205323194
5 0.5022982885085574 0.9422433460076046 0.11262836185819071 0.09088403041825108