5 0.627322738386308 0.926948669201521 0.10212713936430313 0.0926996197718631
7 0.8066136919315403 0.36211977186311783 0.07020782396088027 0.059562737642585524
7 0.7358924205378974 0.31889733840304185 0.08940097799511015 0.0573098859315589
7 0.586283618581907 0.3161882129277567 0.06546454767726156 0.05673954372623579
7 0.3860513447432763 0.314828897338403 0.07015892420537896 0.06488593155893535
7 0.2387897310513448 0.3186787072243346 0.0690342298288509 0.07076996197718635
7 0.16806845965770173 0.32275665399239545 0.07777506112469425 0.06805133079847912
3 0.38838630806845964 0.2326901140684411 0.05386308068459665 0.041777566539923996
3 0.5833863080684596 0.232680608365019 0.08006112469437654 0.05597908745247147
3 0.6596332518337408 0.23494296577946772 0.08123471882640593 0.0605038022813688
0 0.37267726161369197 0.16116920152091255 0.08932762836185812 0.0704847908745247