5 0.6369854721549637 0.9229284369114878 0.10113801452784499 0.0918267419962335
7 0.8145399515738498 0.3634180790960452 0.06952784503631969 0.05900188323917135
7 0.7445036319612591 0.32060263653483995 0.0885351089588379 0.05677024482109225
7 0.5963438256658596 0.3179190207156309 0.06483050847457622 0.0562052730696799
7 0.39805084745762714 0.3165725047080979 0.06947941888619853 0.0642749529190207
7 0.2522154963680388 0.3203860640301318 0.06836561743341407 0.07010357815442565
7 0.18217917675544795 0.32442561205273074 0.07702179176755435 0.06741054613935973
3 0.400363196125908 0.23520715630885125 0.053341404358353585 0.0413841807909605
3 0.5934745762711864 0.23519774011299432 0.07928571428571429 0.05545197740112993
3 0.6689830508474576 0.23743879472693033 0.08044794188861991 0.05993408662900186
0 0.3848062953995158 0.16435969868173259 0.0884624697336561 0.06982109227871938