5 0.3641071428571429 0.9195833333333334 0.0994523809523809 0.09029629629629639
7 0.18951190476190477 0.36939814814814814 0.06836904761904762 0.05801851851851849
7 0.2583809523809524 0.3272962962962963 0.08705952380952381 0.05582407407407404
7 0.4040714285714286 0.3246574074074074 0.06374999999999995 0.05526851851851857
7 0.5990595238095238 0.3233333333333333 0.06832142857142856 0.06320370370370369
7 0.7424642857142857 0.32708333333333334 0.06722619047619051 0.06893518518518522
7 0.8113333333333334 0.33105555555555555 0.0757380952380951 0.06628703703703706
3 0.5967857142857143 0.24332407407407408 0.05245238095238102 0.040694444444444464
3 0.40689285714285717 0.2433148148148148 0.07796428571428572 0.054527777777777765
3 0.3326428571428572 0.24551851851851855 0.07910714285714288 0.05893518518518517
0 0.6120833333333333 0.17365740740740743 0.08698809523809516 0.06865740740740739