1 0.0275 0.8523518518518518 0.05498809523809524 0.05279629629629628
1 0.4924880952380952 0.7031203703703703 0.05016666666666665 0.05230555555555556
1 0.6364642857142857 0.49812962962962964 0.05472619047619051 0.06017592592592593
1 0.6375952380952381 0.4258240740740741 0.06317857142857142 0.05447222222222226
7 0.46585714285714286 0.5082685185185185 0.08983333333333338 0.07163888888888895
7 0.34028571428571425 0.3903333333333333 0.08421428571428573 0.0655
7 0.8379761904761904 0.3843981481481481 0.06327380952380963 0.0654259259259259
7 0.6324880952380952 0.39011111111111113 0.06657142857142859 0.07300000000000002
3 0.68125 0.48182407407407407 0.08080952380952394 0.07162962962962958
3 0.34453571428571433 0.2834351851851852 0.08930952380952378 0.05011111111111111
0 0.6761428571428572 0.39299074074074075 0.08421428571428573 0.06675000000000003