1 0.9719101123595506 0.9394104803493449 0.056179775280898875 0.06222707423580786
1 0.42740168539325846 0.7635043668122271 0.05918539325842695 0.061670305676855906
1 0.25754213483146066 0.5218122270742358 0.06456460674157308 0.07094978165938866
1 0.2562078651685393 0.436561135371179 0.07453651685393249 0.06422489082969436
7 0.4588202247191011 0.5337663755458515 0.10598314606741578 0.08446506550218354
7 0.6069662921348314 0.39471615720524017 0.09935393258426968 0.07722707423580787
7 0.028792134831460675 0.38700873362445415 0.05758426966292135 0.07751091703056769
7 0.26223314606741577 0.3944541484716157 0.07853932584269673 0.08606986899563322
3 0.20470505617977527 0.5025873362445414 0.09533707865168554 0.08445414847161561
3 0.6019522471910111 0.26867903930131004 0.10536516853932582 0.05908296943231441
0 0.21073033707865163 0.39784934497816593 0.09935393258426968 0.07870087336244545