7 0.8665503875968993 0.38093561368209256 0.10434108527131782 0.07738430583501002
7 0.5771188630490957 0.1601207243460765 0.08890180878552979 0.06692152917505029
7 0.6284883720930232 0.1970020120724346 0.08583979328165367 0.07170020120724344
7 0.7269121447028424 0.2650201207243461 0.10308785529715758 0.06975855130784711
7 0.798578811369509 0.32537223340040244 0.0963307493540051 0.0754828973843058
3 0.4574677002583979 0.1629979879275654 0.07350129198966407 0.05542253521126758
3 0.16002583979328167 0.3821428571428572 0.08835917312661512 0.07253521126760566
3 0.23108527131782947 0.3373541247484909 0.07591731266149869 0.06494969818913487
3 0.29936692506459955 0.2822635814889336 0.07961240310077505 0.07550301810865187
3 0.37996124031007755 0.2159255533199195 0.0808656330749353 0.07791750503018113
1 0.6472480620155039 0.27747484909456743 0.06677002583979307 0.05442655935613684
1 0.6112532299741602 0.35985915492957743 0.061227390180878534 0.05822937625754527
1 0.6414082687338502 0.4024949698189135 0.05999999999999992 0.06300804828973842
1 0.5368217054263565 0.3912474849094567 0.05567183462532304 0.05433601609657947
1 0.5574289405684755 0.43699195171026156 0.05627906976744194 0.05770623742454718
5 0.3897932816537468 0.9305835010060363 0.10860465116279062 0.08518108651911477