7 0.15220987654320986 0.4333173076923077 0.0997037037037037 0.07396153846153843
7 0.42877777777777776 0.2222692307692308 0.08495061728395069 0.06396153846153844
7 0.3796913580246914 0.2575192307692308 0.08202469135802462 0.06852884615384613
7 0.285641975308642 0.32252884615384614 0.09850617283950613 0.06667307692307696
7 0.2171604938271605 0.3802115384615385 0.09204938271604939 0.07214423076923074
3 0.5431111111111111 0.22501923076923078 0.07023456790123456 0.05297115384615382
3 0.8273333333333334 0.43447115384615387 0.08443209876543223 0.0693269230769231
3 0.759432098765432 0.39166346153846154 0.0725432098765432 0.062076923076923134
3 0.6941851851851851 0.3390096153846154 0.07607407407407393 0.0721634615384615
3 0.6171728395061729 0.27560576923076924 0.07727160493827151 0.0744711538461539
1 0.3617654320987654 0.3344326923076923 0.06380246913580241 0.05201923076923079
1 0.39616049382716045 0.4131730769230769 0.058506172839506154 0.05565384615384615
1 0.3673456790123457 0.45392307692307693 0.05733333333333326 0.06022115384615384
1 0.46728395061728395 0.4431730769230769 0.05319753086419757 0.0519326923076923
1 0.4475925925925926 0.4868942307692308 0.05377777777777785 0.05515384615384606
5 0.6077777777777778 0.9586538461538462 0.1037777777777777 0.08141346153846162