7 0.18129761904761904 0.4209722222222222 0.09614285714285713 0.07122222222222219
7 0.44798809523809524 0.21774074074074076 0.08191666666666673 0.0615925925925926
7 0.4006547619047619 0.2516851851851852 0.07909523809523802 0.06599074074074072
7 0.3099642857142857 0.31428703703703703 0.09498809523809523 0.06420370370370374
7 0.24392857142857144 0.36983333333333335 0.08876190476190476 0.0694722222222222
3 0.5582380952380953 0.2203888888888889 0.06772619047619045 0.05100925925925923
3 0.8323095238095238 0.42208333333333337 0.08141666666666679 0.06675925925925928
3 0.7668333333333334 0.3808611111111111 0.06995238095238095 0.05977777777777783
3 0.7039166666666666 0.3301574074074074 0.07335714285714273 0.0694907407407407
3 0.6296547619047619 0.26910185185185187 0.07451190476190474 0.07171296296296298
1 0.3833690476190476 0.32575 0.06152380952380947 0.05009259259259261
1 0.4165357142857143 0.4015740740740741 0.05641666666666665 0.05359259259259259
1 0.38875000000000004 0.4408148148148148 0.055285714285714216 0.05799074074074074
1 0.4851190476190476 0.43046296296296294 0.051297619047619085 0.05000925925925925
1 0.46613095238095237 0.4725648148148148 0.05185714285714293 0.053111111111111074
5 0.6205952380952381 0.9268518518518518 0.1000714285714285 0.07839814814814822