1 0.5722365038560412 0.8694700000000001 0.0694473007712082 0.07056999999999994
1 0.5958097686375322 0.92614 0.06336760925449865 0.07324000000000001
3 0.6450771208226221 0.54335 0.09336760925449884 0.07881999999999993
3 0.5009383033419024 0.5207200000000001 0.07006426735218507 0.055920000000000074
3 0.6132519280205656 0.48954999999999993 0.0909125964010283 0.06642000000000008
3 0.5875449871465296 0.33242 0.09269922879177393 0.08216999999999997
3 0.6138688946015425 0.41551 0.0823393316195372 0.06877999999999997
7 0.44892030848329045 0.37694 0.07619537275064264 0.07121000000000004
7 0.39353470437017996 0.45097000000000004 0.08661953727506425 0.07927999999999998
7 0.354987146529563 0.50812 0.10799485861182517 0.075
7 0.24787917737789197 0.5307200000000001 0.08174807197943448 0.07020000000000004
7 0.29439588688946017 0.5688200000000001 0.08961439588688949 0.08216000000000008