1 0.59025 0.8946310679611651 0.06753749999999997 0.06851456310679606
1 0.6131750000000001 0.9496504854368932 0.061624999999999944 0.07110679611650486
3 0.6610875 0.5780097087378641 0.09080000000000013 0.07652427184466014
3 0.5209125 0.5560388349514563 0.06813749999999999 0.0542912621359224
3 0.6301375 0.5257766990291262 0.08841250000000002 0.06448543689320395
3 0.6051375 0.3732233009708738 0.09015000000000015 0.07977669902912618
3 0.6307375000000001 0.45389320388349513 0.08007499999999994 0.06677669902912618
7 0.470325 0.4164466019417476 0.07409999999999997 0.06913592233009712
7 0.4164625 0.4883203883495146 0.08423749999999998 0.07697087378640774
7 0.378975 0.5438058252427185 0.10502499999999998 0.07281553398058252
7 0.27481249999999996 0.565747572815534 0.07950000000000003 0.06815533980582529
7 0.32005 0.6027378640776699 0.08715000000000003 0.07976699029126222