1 0.5871428571428572 0.8717314814814815 0.06432142857142861 0.06534259259259254
1 0.6089761904761906 0.9242037037037036 0.0586904761904762 0.06781481481481483
3 0.6546071428571428 0.5697685185185185 0.0864761904761906 0.07298148148148142
3 0.5211071428571429 0.5488148148148149 0.06489285714285713 0.051777777777777846
3 0.6251309523809524 0.5199537037037036 0.08420238095238097 0.06150000000000007
3 0.6013214285714286 0.374462962962963 0.08585714285714292 0.0760833333333333
3 0.625702380952381 0.45139814814814816 0.0762619047619047 0.06368518518518516
7 0.4729285714285714 0.41568518518518516 0.07057142857142853 0.06593518518518522
7 0.4216309523809524 0.4842314814814815 0.08022619047619046 0.07340740740740738
7 0.38592857142857145 0.5371481481481482 0.1000238095238095 0.06944444444444445
7 0.2867261904761904 0.5580740740740741 0.0757142857142857 0.06500000000000004
7 0.32980952380952383 0.5933518518518519 0.08300000000000003 0.07607407407407416