5 0.7467277486910995 0.9852342158859471 0.10602094240837696 0.029531568228105907
1 0.8020418848167539 0.8197759674134419 0.055837696335078346 0.054938900203666034
1 0.7758638743455497 0.8348167006109979 0.048861256544502525 0.06045824847250498
1 0.7733769633507853 0.9363849287169043 0.038390052356020846 0.052474541751527465
1 0.7347382198952879 0.9565071283095723 0.04140052356020957 0.04983706720977602
1 0.7023298429319371 0.5572403258655805 0.0458507853403141 0.05647657841140533
1 0.6611910994764397 0.6566395112016293 0.06633507853403149 0.0531262729124237
1 0.7602879581151832 0.6680244399185336 0.049594240837696466 0.05402240325865576
3 0.32621727748691104 0.254938900203666 0.061348167539266876 0.054154786150712834
3 0.24862565445026183 0.2530142566191446 0.0788874345549738 0.06026476578411406
3 0.24238219895287952 0.300040733197556 0.08138743455497391 0.05349287169042767
3 0.3184293193717277 0.3126374745417515 0.08066753926701585 0.05316700610997967
3 0.736609947643979 0.5165071283095722 0.0745287958115184 0.0623116089613034
3 0.5558638743455497 0.5187067209775967 0.08007853403141355 0.05841140529531558
3 0.7774345549738221 0.6326272912423625 0.06393979057591612 0.06469450101832991
3 0.6119633507853404 0.6379735234215886 0.07257853403141368 0.06426680244399176
0 0.7958115183246073 0.5729938900203666 0.09074607329842922 0.08508146639511197
0 0.707303664921466 0.6622199592668024 0.09874345549738227 0.09142566191446026
0 0.5889005235602095 0.5977291242362526 0.10125654450261781 0.07492871690427691
7 0.23989528795811516 0.35677189409368637 0.08387434554973812 0.07386965376782073