5 0.2807857142857143 0.920462962962963 0.09603571428571427 0.07265740740740743
1 0.23004761904761906 0.7463148148148148 0.05078571428571425 0.04995370370370374
1 0.2538571428571429 0.7599907407407407 0.04444047619047617 0.054972222222222124
1 0.2561190476190476 0.8523425925925926 0.034916666666666644 0.047712962962962936
1 0.2912619047619048 0.8706388888888889 0.037654761904761934 0.04531481481481486
1 0.32073809523809527 0.5076018518518519 0.04170238095238092 0.051351851851851885
1 0.3581547619047619 0.5979814814814816 0.060333333333333274 0.04830555555555562
1 0.2680238095238095 0.6083333333333333 0.04510714285714284 0.04912037037037033
3 0.6628214285714286 0.23273148148148148 0.055797619047618915 0.049240740740740745
3 0.7333928571428571 0.23098148148148148 0.07174999999999998 0.0547962962962963
3 0.7390714285714286 0.27374074074074073 0.0740238095238096 0.048638888888888863
3 0.6699047619047619 0.2851944444444444 0.07336904761904775 0.048342592592592624
3 0.2895595238095238 0.47056481481481477 0.06778571428571428 0.05665740740740735
3 0.45395238095238094 0.4725648148148148 0.07283333333333328 0.053111111111111074
3 0.25242857142857145 0.5761481481481482 0.05815476190476193 0.05882407407407405
3 0.4029285714285714 0.5810092592592593 0.06601190476190481 0.05843518518518509
0 0.2357142857142857 0.5219259259259259 0.08253571428571427 0.07736111111111107
0 0.3162142857142857 0.6030555555555556 0.08980952380952384 0.08312962962962961
0 0.4239047619047619 0.5444166666666667 0.0920952380952381 0.06812962962962957
7 0.7413333333333334 0.3253240740740741 0.07628571428571419 0.06716666666666664