5 0.3012465373961219 0.9649784482758621 0.11218836565096953 0.07004310344827586
1 0.24271468144044323 0.7704956896551723 0.05908587257617724 0.058135775862069014
1 0.270415512465374 0.7864116379310344 0.051703601108033216 0.06397629310344816
1 0.27304709141274236 0.8938900862068965 0.04062326869806092 0.055528017241379284
1 0.3139335180055402 0.9151831896551724 0.04380886426592797 0.0527370689655173
1 0.3482271468144045 0.49268318965517244 0.048518005540166165 0.0597629310344828
1 0.39175900277008313 0.5978663793103449 0.07019390581717444 0.056217672413793184
1 0.2868975069252077 0.6099137931034483 0.05247922437673128 0.05716594827586202
3 0.7462188365650969 0.17279094827586206 0.06491689750692506 0.05730603448275863
3 0.8283240997229916 0.1707543103448276 0.08347645429362878 0.06377155172413794
3 0.8349307479224377 0.22051724137931034 0.08612188365650979 0.05660560344827583
3 0.7544598337950139 0.23384698275862068 0.08536011080332426 0.056260775862069005
3 0.3119529085872576 0.44957974137931034 0.07886426592797784 0.06593749999999994
3 0.503213296398892 0.4519073275862069 0.08473684210526308 0.0618103448275861
3 0.2687534626038781 0.5724568965517242 0.06765927977839338 0.0684590517241379
3 0.44385041551246535 0.578114224137931 0.07680055401662056 0.06800646551724127
0 0.24930747922437674 0.509353448275862 0.09602493074792241 0.09003232758620684
0 0.3429639889196676 0.6037715517241379 0.10448753462603885 0.09674568965517238
0 0.46825484764542935 0.5355280172413793 0.10714681440443215 0.07928879310344819
7 0.8375623268698061 0.28054956896551725 0.08875346260387802 0.07816810344827582