7 0.6545467422096317 0.3697692307692308 0.10220963172804544 0.08285714285714284
0 0.48796033994334276 0.18297802197802196 0.10689801699716718 0.08358241758241758
0 0.5685552407932011 0.1808901098901099 0.10825779036827204 0.08384615384615386
0 0.661628895184136 0.18612087912087913 0.09209631728045323 0.07965934065934067
0 0.7388526912181304 0.1897912087912088 0.09548158640226641 0.09116483516483515
3 0.7489660056657224 0.2562307692307692 0.07524079320113299 0.05247252747252747
3 0.48896600566572235 0.2562197802197802 0.06440509915014168 0.06053846153846151
3 0.4869546742209632 0.30123076923076925 0.10150141643059486 0.06923076923076923
3 0.5840651558073655 0.3205824175824176 0.05296033994334276 0.04936263736263732
3 0.7337960339943342 0.3148351648351648 0.061076487252124494 0.054593406593406536
3 0.6565722379603399 0.3101208791208791 0.05769121813031164 0.051450549450549506
3 0.5756373937677054 0.25098901098901094 0.07181303116147315 0.06262637362637363
3 0.6636543909348441 0.25675824175824175 0.08804532577903694 0.06398901098901101