7 0.6191785714285715 0.33193518518518517 0.08590476190476193 0.06981481481481479
0 0.4791666666666667 0.17454629629629628 0.08984523809523813 0.07042592592592593
0 0.5469047619047619 0.17278703703703704 0.09098809523809531 0.07064814814814815
0 0.6251309523809524 0.17719444444444446 0.07740476190476188 0.06712037037037037
0 0.6900357142857143 0.18028703703703705 0.0802500000000001 0.0768148148148148
3 0.6985357142857143 0.2362685185185185 0.06323809523809511 0.04421296296296294
3 0.48001190476190475 0.23625925925925925 0.05413095238095241 0.05100925925925923
3 0.4783214285714286 0.2741851851851852 0.08530952380952377 0.058333333333333334
3 0.5599404761904763 0.29049074074074077 0.044511904761904746 0.041592592592592556
3 0.6857857142857142 0.28564814814814815 0.0513333333333332 0.04599999999999995
3 0.6208809523809523 0.2816759259259259 0.04848809523809526 0.0433518518518519
3 0.5528571428571428 0.23185185185185184 0.060357142857142915 0.0527685185185185
3 0.6268333333333332 0.23671296296296293 0.07400000000000002 0.053916666666666654