7 0.6203452685421995 0.2877634194831014 0.0922762148337597 0.07495029821073557
0 0.46994884910485935 0.11879721669980119 0.09650895140664965 0.07560636182902584
0 0.5427109974424552 0.1169085487077535 0.09773657289002566 0.07584493041749504
0 0.6267391304347826 0.12164015904572566 0.08314578005115088 0.07205765407554673
0 0.696457800511509 0.12496023856858848 0.08620204603580574 0.0824652087475149
3 0.7055882352941176 0.18505964214711726 0.06792838874680293 0.04746520874751491
3 0.4708567774936061 0.18504970178926441 0.05814578005115093 0.05476143141153079
3 0.46904092071611253 0.22576540755467198 0.09163682864450123 0.06262425447316103
3 0.5567135549872123 0.24327037773359841 0.047813299232736556 0.044652087475149066
3 0.6918925831202045 0.23807157057654074 0.055140664961636686 0.04938369781312122
3 0.6221739130434782 0.23380715705765406 0.05208439897698212 0.04654075546719687
3 0.5491048593350384 0.1803180914512922 0.06483375959079289 0.05665009940357854
3 0.6285677749360613 0.18553677932405566 0.07948849104859346 0.057882703777336