3 0.5761071428571429 0.2915925925925926 0.07682142857142861 0.05261111111111116
3 0.3762857142857143 0.23493518518518516 0.06435714285714293 0.058944444444444466
3 0.3711904761904762 0.28475925925925927 0.06827380952380956 0.053046296296296265
3 0.44375 0.2871851851851852 0.059226190476190474 0.0455555555555556
3 0.5780833333333334 0.2371388888888889 0.08305952380952386 0.05276851851851853
3 0.4443095238095238 0.23537962962962966 0.06434523809523804 0.054537037037037044
3 0.5134642857142857 0.2838796296296296 0.06944047619047623 0.05481481481481486
3 0.5012738095238095 0.23362037037037037 0.0864404761904762 0.05629629629629628
0 0.35927380952380955 0.17365740740740743 0.09157142857142853 0.06337037037037037
0 0.42503571428571424 0.17101851851851851 0.06661904761904766 0.06337037037037037
0 0.5746785714285715 0.1756574074074074 0.05584523809523806 0.0569814814814815
0 0.49985714285714283 0.1685925925925926 0.08020238095238096 0.06116666666666667
7 0.5058095238095238 0.3187037037037037 0.08134523809523814 0.048648148148148114