3 0.44604054054054043 0.28563025210084036 0.08720270270270267 0.059684873949579886
3 0.6728648648648649 0.22135504201680672 0.07305405405405413 0.06686974789915968
3 0.6786486486486486 0.27787815126050425 0.07750000000000003 0.060178571428571394
3 0.5962837837837838 0.28063025210084036 0.06722972972972972 0.05168067226890761
3 0.4437972972972973 0.22385504201680673 0.09428378378378376 0.05986344537815127
3 0.5956486486486486 0.22185924369747903 0.07304054054054047 0.06186974789915964
3 0.5171486486486486 0.27688025210084033 0.07882432432432437 0.06218487394957988
3 0.5309864864864865 0.21986344537815125 0.09812162162162164 0.06386554621848735
0 0.6921756756756757 0.15183823529411766 0.10394594594594604 0.07189075630252101
0 0.6175270270270271 0.14884453781512605 0.07562162162162167 0.07189075630252101
0 0.44766216216216215 0.15410714285714286 0.06339189189189184 0.06464285714285717
0 0.5325945945945946 0.14609243697478994 0.09104054054054055 0.069390756302521
7 0.5258378378378379 0.3163865546218487 0.09233783783783789 0.05518907563025206