3 0.41508749999999994 0.27565048543689324 0.08066249999999997 0.055165048543689366
3 0.6249 0.21624271844660192 0.06757500000000008 0.06180582524271847
3 0.63025 0.2684854368932039 0.07168750000000003 0.055621359223300935
3 0.5540625 0.27102912621359226 0.0621875 0.04776699029126218
3 0.41301249999999995 0.21855339805825244 0.08721249999999997 0.05533009708737865
3 0.5534749999999999 0.2167087378640777 0.06756249999999994 0.05718446601941746
3 0.48086249999999997 0.2675631067961165 0.07291250000000005 0.05747572815533985
3 0.4936625 0.21486407766990293 0.09076250000000002 0.05902912621359219
0 0.6427625 0.15199029126213592 0.0961500000000001 0.06644660194174758
0 0.5737125000000001 0.14922330097087377 0.06995000000000004 0.06644660194174758
0 0.4165875 0.1540873786407767 0.05863749999999996 0.059747572815534
0 0.49515 0.14667961165048546 0.08421250000000001 0.06413592233009709
7 0.4889 0.30407766990291263 0.08541250000000006 0.05100970873786404