7 0.3907837837837838 0.2841281512605042 0.08264864864864861 0.056701680672268925
0 0.23281081081081081 0.10682773109243696 0.08402702702702704 0.07788865546218485
0 0.31002702702702706 0.1115861344537815 0.07040540540540544 0.07764705882352943
0 0.388527027027027 0.11008403361344539 0.0678513513513514 0.08064075630252099
0 0.47378378378378383 0.11334033613445378 0.0710945945945946 0.0711449579831933
3 0.23604054054054052 0.17534663865546218 0.08712162162162158 0.05515756302521008
3 0.3016621621621622 0.18434873949579833 0.07170270270270263 0.06116596638655464
3 0.3830675675675676 0.16934873949579832 0.10581081081081074 0.06716386554621849
3 0.45609459459459456 0.16835084033613446 0.09489189189189193 0.0751575630252101
3 0.4631756756756757 0.22986344537815123 0.08074324324324324 0.060178571428571394
3 0.3904594594594595 0.23335084033613443 0.0749864864864865 0.05484243697478995
3 0.30777027027027026 0.23410714285714287 0.07564864864864868 0.06534663865546222
3 0.23956756756756756 0.23785714285714285 0.09367567567567567 0.06384453781512602
5 0.44772972972972974 0.9440336134453782 0.11162162162162165 0.10843487394957985