7 0.38592857142857145 0.32730555555555557 0.07280952380952377 0.0499814814814815
0 0.24676190476190477 0.17101851851851851 0.07402380952380953 0.06865740740740739
0 0.3147857142857143 0.17521296296296296 0.06202380952380955 0.06844444444444446
0 0.38394047619047617 0.1738888888888889 0.05977380952380957 0.07108333333333332
0 0.4590476190476191 0.17675925925925925 0.0626309523809524 0.06271296296296298
3 0.24960714285714283 0.23141666666666666 0.07674999999999997 0.04862037037037036
3 0.30741666666666667 0.23935185185185184 0.06316666666666663 0.05391666666666668
3 0.3791309523809524 0.22612962962962962 0.09321428571428567 0.0592037037037037
3 0.4434642857142857 0.22525 0.08359523809523813 0.06625000000000002
3 0.44970238095238096 0.27947222222222223 0.07113095238095238 0.053046296296296265
3 0.3856428571428571 0.2825462962962963 0.06605952380952382 0.048342592592592624
3 0.31279761904761905 0.28321296296296294 0.06664285714285717 0.05760185185185188
3 0.2527142857142857 0.2865185185185185 0.08252380952380951 0.05627777777777775
5 0.4360952380952381 0.909 0.09833333333333336 0.09558333333333335