7 0.5681843575418994 0.3118112798264642 0.08541899441340778 0.05854663774403473
0 0.7314525139664805 0.12874186550976138 0.0868435754189945 0.08042299349240778
0 0.6516480446927374 0.13365509761388286 0.07276536312849165 0.08017353579175707
0 0.5705167597765364 0.13210412147505424 0.07012569832402239 0.08326464208242948
0 0.4824022346368715 0.1354663774403471 0.07347765363128493 0.0734598698481562
3 0.7281145251396649 0.19949023861171367 0.09004189944134082 0.0569522776572668
3 0.6602932960893855 0.20878524945770066 0.07410614525139657 0.06315618221258136
3 0.5761592178770949 0.19329718004338395 0.10935754189944127 0.06934924078091106
3 0.5006843575418994 0.19226681127982648 0.09807262569832406 0.07760303687635577
3 0.4933659217877095 0.2557809110629067 0.08344972067039107 0.062136659436008636
3 0.5685195530726257 0.25938177874186547 0.07750000000000001 0.056626898047722384
3 0.6539804469273743 0.26016268980477225 0.07818435754189947 0.067472885032538
3 0.7244692737430168 0.2640347071583514 0.09681564245810047 0.0659219088937093
5 0.5097765363128491 0.9685466377440347 0.11452513966480447 0.06290672451193059