5 0.4239047619047619 0.9173703703703704 0.0988928571428572 0.07883333333333332
7 0.40746428571428567 0.3288518518518519 0.07735714285714287 0.05482407407407411
3 0.258952380952381 0.2345 0.06778571428571428 0.04748148148148146
3 0.2612261904761905 0.28432407407407406 0.07052380952380953 0.0433518518518519
3 0.32952380952380955 0.2841018518518518 0.05296428571428573 0.05172222222222223
3 0.4057619047619047 0.28079629629629627 0.06034523809523803 0.05569444444444442
3 0.47747619047619044 0.2854259259259259 0.063202380952381 0.054370370370370395
3 0.3340595238095238 0.23185185185185186 0.08534523809523813 0.0580648148148148
3 0.40491666666666665 0.2358333333333333 0.07225000000000006 0.05038888888888888
3 0.4828571428571429 0.24287962962962964 0.06942857142857149 0.05744444444444444
0 0.2708571428571429 0.17630555555555555 0.07798809523809526 0.06865740740740744
0 0.3264166666666667 0.16948148148148148 0.06940476190476189 0.09048148148148145
0 0.40832142857142856 0.18249074074074073 0.07905952380952377 0.06183333333333336
0 0.4743571428571428 0.17653703703703702 0.07963095238095236 0.07108333333333332