5 0.36227027027027026 0.922016806722689 0.11225675675675682 0.08943277310924357
7 0.3436081081081081 0.25436974789915967 0.08781081081081084 0.06219537815126054
3 0.17502702702702705 0.14733193277310924 0.07694594594594595 0.05386554621848737
3 0.17760810810810812 0.2038550420168067 0.08005405405405407 0.04918067226890761
3 0.25513513513513514 0.20360294117647057 0.060121621621621636 0.05867647058823531
3 0.34167567567567564 0.19985294117647057 0.06849999999999992 0.06318277310924367
3 0.42308108108108106 0.2051050420168067 0.07174324324324328 0.06168067226890759
3 0.2602837837837838 0.144327731092437 0.09687837837837845 0.06587184873949578
3 0.34071621621621623 0.14884453781512605 0.08201351351351359 0.05716386554621845
3 0.42918918918918925 0.15683823529411764 0.07881081081081087 0.06516806722689072
0 0.1885405405405406 0.08131302521008403 0.08852702702702701 0.07788865546218492
0 0.25160810810810813 0.07357142857142857 0.07878378378378373 0.10264705882352938
0 0.3445810810810811 0.0883298319327731 0.0897432432432432 0.07014705882352944
0 0.4195405405405405 0.08157563025210084 0.09039189189189187 0.08064075630252099