5 0.3781233243967828 0.9548643006263048 0.11135388739946388 0.0888726513569936
7 0.35961126005361926 0.2913987473903967 0.08710455764075069 0.06180584551148229
3 0.19238605898123326 0.1850313152400835 0.07632707774798927 0.05352818371607513
3 0.19494638069705095 0.24120041753653443 0.07941018766756033 0.04887265135699379
3 0.27184986595174265 0.24094989561586638 0.059638069705093846 0.05830897703549062
3 0.3576943699731903 0.23722338204592902 0.06794906166219832 0.06278705636743212
3 0.43844504021447717 0.24244258872651356 0.07116621983914213 0.061294363256785
3 0.2769571045576408 0.18204592901878916 0.09609919571045583 0.06545929018789141
3 0.3567426273458445 0.18653444676409184 0.08135388739946388 0.05680584551148221
3 0.4445040214477212 0.19447807933194156 0.07817694369973197 0.06475991649269307
0 0.2057908847184987 0.1194258872651357 0.08781501340482573 0.07740083507306893
0 0.26835120643431637 0.11173277661795407 0.07815013404825731 0.10200417536534444
0 0.36057640750670245 0.12639874739039667 0.08902144772117958 0.0697077244258873
0 0.43493297587131363 0.11968684759916492 0.08966487935656835 0.08013569937369518