0 0.6254074074074074 0.174625 0.08727160493827153 0.08160576923076923
0 0.5489876543209876 0.17233653846153846 0.08258024691358024 0.0806923076923077
0 0.4778641975308642 0.1684423076923077 0.06730864197530861 0.0692403846153846
0 0.4184938271604938 0.16615384615384615 0.07555555555555561 0.07381730769230767
3 0.6298148148148148 0.22589423076923076 0.050234567901234636 0.04499999999999996
3 0.6315802469135803 0.27167307692307696 0.0608148148148148 0.04684615384615387
3 0.559283950617284 0.2771730769230769 0.06435802469135801 0.04684615384615387
3 0.41614814814814816 0.27397115384615384 0.07790123456790127 0.06974038461538459
3 0.5678148148148148 0.22634615384615384 0.07025925925925922 0.05479807692307693
3 0.4763950617283951 0.23299038461538463 0.06790123456790123 0.061028846153846183
3 0.4029135802469136 0.2313942307692308 0.06908641975308646 0.050490384615384604
3 0.22686419753086418 0.7883076923076924 0.04502469135802473 0.06029807692307696
3 0.15397530864197534 0.81325 0.06855555555555552 0.0516057692307693
3 0.08696296296296303 0.8530865384615385 0.06856790123456785 0.06535576923076926
3 0.02962962962962963 0.8889423076923076 0.05925925925925926 0.07019230769230769
5 0.5845555555555556 0.9393750000000001 0.11490123456790116 0.07133653846153852