0 0.3802619047619048 0.18204629629629632 0.08415476190476183 0.07858333333333334
0 0.45395238095238094 0.17984259259259258 0.07963095238095236 0.07770370370370372
0 0.5225357142857143 0.1760925925925926 0.06490476190476188 0.06667592592592592
0 0.5797857142857142 0.1738888888888889 0.07285714285714291 0.07108333333333332
3 0.37601190476190477 0.23141666666666666 0.048440476190476256 0.04333333333333332
3 0.3743095238095238 0.2755 0.058642857142857135 0.045111111111111137
3 0.44402380952380954 0.28079629629629627 0.06205952380952381 0.045111111111111137
3 0.582047619047619 0.277712962962963 0.07511904761904764 0.06715740740740739
3 0.43579761904761904 0.23185185185185184 0.06774999999999996 0.0527685185185185
3 0.523952380952381 0.23825 0.06547619047619048 0.058768518518518546
3 0.5948095238095238 0.23671296296296299 0.06661904761904766 0.04862037037037039
3 0.7645714285714286 0.773 0.0434166666666667 0.05806481481481485
3 0.8348571428571429 0.7970185185185185 0.06610714285714282 0.04969444444444451
3 0.8994761904761904 0.8353796296296296 0.06611904761904758 0.0629351851851852
3 0.9584285714285715 0.8702037037037037 0.06386904761904773 0.06735185185185186
5 0.4196547619047619 0.9184722222222222 0.11079761904761898 0.06869444444444449