0 0.5566759776536313 0.1221366594360087 0.09872905027932953 0.09204989154013016
0 0.47022346368715084 0.11955531453362254 0.09342178770949719 0.09101952277657269
0 0.3897625698324022 0.11516268980477225 0.07614525139664802 0.07810195227765726
0 0.3225977653631285 0.11258134490238612 0.0854748603351956 0.08326464208242948
3 0.5616620111731844 0.17996746203904557 0.05682960893854756 0.050759219088937046
3 0.5636592178770949 0.23160520607375273 0.06879888268156423 0.052841648590021724
3 0.48187150837988824 0.23780911062906723 0.0728072625698324 0.052841648590021724
3 0.31994413407821226 0.23419739696312364 0.08812849162011176 0.07866594360086765
3 0.4915223463687151 0.18047722342733186 0.07948324022346365 0.06181127982646422
3 0.3881005586592179 0.1879718004338395 0.07681564245810056 0.06883947939262476
3 0.3049720670391062 0.18617136659436012 0.07815642458100563 0.0569522776572668
3 0.10581005586592178 0.814360086767896 0.05093575418994417 0.06801518438177878
3 0.031424581005586594 0.841648590021692 0.06284916201117319 0.05856832971800434
5 0.5111731843575419 0.9718004338394793 0.13128491620111732 0.05639913232104121