1 0.6532462686567164 0.936953578336557 0.11047263681592032 0.08280464216634419
1 0.5940174129353234 0.7401063829787233 0.06546019900497511 0.07029980657640238
1 0.6887686567164178 0.6912959381044487 0.053631840796019764 0.06292069632495159
1 0.6594527363184081 0.5955125725338491 0.061853233830845795 0.06051257253384907
1 0.7438432835820895 0.5566150870406189 0.042985074626865606 0.053201160541586065
3 0.5137686567164179 0.22070599613152808 0.08320895522388057 0.05696324951644098
3 0.5946144278606965 0.20897485493230178 0.07138059701492536 0.05768858800773692
3 0.6576865671641791 0.21334622823984528 0.06251243781094526 0.06275628626692455
3 0.7391169154228856 0.21472920696324949 0.10220149253731352 0.06552224371373308
3 0.5809950248756219 0.2619245647969052 0.09151741293532344 0.06783365570599612
3 0.7281592039800996 0.25985493230174084 0.08502487562189043 0.07474854932301737
3 0.6325124378109452 0.5087330754352031 0.0666542288557213 0.04950676982591881
3 0.7068407960199005 0.4758123791102515 0.07792288557213942 0.0628433268858801
3 0.7731592039800995 0.5011315280464216 0.07319651741293522 0.07298839458413929
3 0.7790920398009951 0.5340522243713733 0.07555970149253731 0.07069632495164402
3 0.7453233830845771 0.5966731141199226 0.05778606965174134 0.061508704061895465
3 0.6923134328358209 0.6077176015473887 0.07427860696517416 0.07110251450676981
3 0.6508582089552238 0.5973597678916828 0.06955223880597024 0.06419729206963239
3 0.6111815920398009 0.5639748549323017 0.07548507462686574 0.06650870406189553
0 0.5149502487562189 0.15463249516441005 0.08557213930348254 0.08230174081237913
0 0.5762562189054726 0.15715667311411993 0.0725621890547264 0.08460348162475824
0 0.6449502487562189 0.1592359767891683 0.07021144278606971 0.06941005802707928
0 0.7352611940298507 0.1530174081237911 0.08502487562189043 0.0763249516441006