1 0.40650969529085873 0.974676724137931 0.12326869806094183 0.05064655172413793
1 0.47148199445983385 0.7761530172413793 0.07289473684210526 0.0783297413793104
1 0.3659695290858726 0.7217672413793103 0.059722991689750544 0.0701077586206896
1 0.3986149584487534 0.6150431034482758 0.06887811634349034 0.06742456896551717
1 0.30463988919667595 0.5717025862068965 0.047867036011080256 0.0592780172413793
3 0.5608448753462604 0.19742456896551727 0.09265927977839332 0.06346982758620687
3 0.47081717451523547 0.18435344827586211 0.07948753462603876 0.06427801724137928
3 0.4005817174515236 0.18922413793103451 0.06961218836565096 0.06992456896551723
3 0.30990304709141275 0.19076508620689653 0.11380886426592808 0.07300646551724138
3 0.48598337950138504 0.24335129310344825 0.10191135734072028 0.07558189655172412
3 0.3221052631578947 0.24104525862068965 0.09468144044321315 0.08328663793103444
3 0.4286149584487535 0.5183512931034483 0.07422437673130182 0.05516163793103454
3 0.34584487534626046 0.4816702586206897 0.08677285318559569 0.07002155172413795
3 0.271994459833795 0.5098814655172413 0.0815096952908586 0.08132543103448278
3 0.26538781163434905 0.5465625000000001 0.08414127423822715 0.07877155172413783
3 0.3029916897506925 0.6163362068965518 0.06434903047091418 0.06853448275862059
3 0.36202216066481996 0.6286422413793104 0.08271468144044325 0.07922413793103446
3 0.4081855955678671 0.6171012931034482 0.07745152354570647 0.07153017241379298
3 0.4523684210526316 0.5799030172413793 0.08405817174515243 0.07410560344827584
0 0.5595290858725762 0.12380387931034481 0.0952908587257617 0.09170258620689657
0 0.49126038781163434 0.12661637931034483 0.08080332409972303 0.09426724137931036
0 0.4147645429362881 0.12893318965517242 0.0781855955678671 0.0773383620689655
0 0.31419667590027706 0.12200431034482759 0.09468144044321315 0.08504310344827588