1 0.6347738095238096 0.9211203703703703 0.10573809523809516 0.07927777777777768
1 0.5780833333333333 0.7326574074074074 0.0626547619047619 0.0673055555555556
1 0.6687738095238095 0.6859259259259259 0.0513333333333332 0.06024074074074069
1 0.6407142857142858 0.5942222222222222 0.05920238095238097 0.057935185185185124
1 0.7214880952380952 0.5569814814814814 0.04114285714285708 0.050935185185185174
3 0.5012738095238095 0.23537962962962966 0.07964285714285711 0.054537037037037044
3 0.578654761904762 0.22414814814814818 0.06832142857142856 0.055231481481481486
3 0.6390238095238094 0.22833333333333336 0.05983333333333332 0.06008333333333335
3 0.7169642857142857 0.2296574074074074 0.09782142857142866 0.06273148148148146
3 0.5656190476190476 0.2748425925925926 0.08759523809523814 0.06494444444444443
3 0.7064761904761906 0.2728611111111111 0.08138095238095226 0.07156481481481478
3 0.6149285714285714 0.5111388888888888 0.06379761904761902 0.047398148148148196
3 0.6860714285714286 0.47962037037037036 0.07458333333333345 0.06016666666666668
3 0.749547619047619 0.5038611111111111 0.0700595238095237 0.06987962962962965
3 0.7552261904761904 0.5353796296296297 0.07232142857142858 0.0676851851851851
3 0.7229047619047619 0.5953333333333334 0.05530952380952385 0.0588888888888888
3 0.6721666666666667 0.6059074074074075 0.07109523809523813 0.06807407407407405
3 0.6324880952380952 0.5959907407407407 0.06657142857142859 0.06146296296296285
3 0.5945119047619047 0.5640277777777778 0.07225000000000006 0.06367592592592591
0 0.5024047619047619 0.17212037037037037 0.08190476190476186 0.07879629629629632
0 0.5610833333333334 0.17453703703703705 0.06945238095238099 0.08100000000000002
0 0.6268333333333332 0.17652777777777778 0.06720238095238101 0.06645370370370368
0 0.7132738095238095 0.17057407407407407 0.08138095238095226 0.07307407407407408