0 0.5483815789473684 0.12160860655737704 0.09552631578947357 0.09060450819672132
0 0.6148026315789473 0.12016393442622951 0.06488157894736835 0.07621926229508195
0 0.6953157894736843 0.11454918032786886 0.09559210526315802 0.08451844262295083
0 0.7792631578947369 0.11040983606557377 0.09310526315789472 0.08402663934426229
3 0.40398684210526314 0.21967213114754097 0.09177631578947368 0.07039959016393446
3 0.46413157894736845 0.17675204918032786 0.09178947368421052 0.07429303278688523
3 0.6163684210526317 0.18553278688524588 0.07302631578947369 0.06258196721311479
3 0.637671052631579 0.22894467213114753 0.08305263157894723 0.06942622950819671
3 0.7661052631578947 0.17991803278688523 0.08182894736842113 0.07088114754098361
3 0.8481842105263158 0.1782172131147541 0.08309210526315801 0.07136270491803276
3 0.9343157894736842 0.17040983606557375 0.0950131578947369 0.08111680327868848
3 0.8403421052631579 0.23772540983606555 0.05740789473684225 0.0635758196721311
3 0.9274342105263158 0.24309426229508196 0.07121052631578934 0.05869877049180324
5 0.921171052631579 0.9435963114754099 0.08373684210526329 0.09211065573770501