0 0.5794880952380952 0.18026851851851852 0.08642857142857138 0.08187962962962964
0 0.6395833333333333 0.17896296296296296 0.05870238095238089 0.06887962962962961
0 0.7124285714285715 0.1738888888888889 0.08648809523809535 0.07637962962962964
0 0.7883809523809524 0.17014814814814813 0.08423809523809522 0.07593518518518518
3 0.4488452380952381 0.26888888888888884 0.08303571428571428 0.06362037037037041
3 0.5032619047619048 0.23010185185185184 0.08304761904761904 0.06713888888888889
3 0.641 0.23803703703703702 0.06607142857142857 0.05655555555555557
3 0.6602738095238095 0.2772685185185185 0.07514285714285701 0.06274074074074074
3 0.7764761904761905 0.23296296296296296 0.07403571428571436 0.06405555555555556
3 0.8507380952380953 0.23142592592592592 0.07517857142857154 0.06449074074074072
3 0.9286666666666668 0.22437037037037036 0.08596428571428576 0.07330555555555554
3 0.8436428571428571 0.2852037037037037 0.05194047619047632 0.05745370370370366
3 0.9224404761904762 0.29005555555555557 0.0644285714285713 0.053046296296296265
5 0.9167738095238096 0.9231018518518519 0.07576190476190488 0.08324074074074082