0 0.6640028089887641 0.15031659388646287 0.10196629213483133 0.09653930131004368
0 0.7349016853932584 0.14877729257641922 0.06925561797752801 0.08121179039301309
0 0.8208426966292136 0.14279475982532752 0.10203651685393271 0.09005458515283844
0 0.9104494382022472 0.13838427947598253 0.0993820224719101 0.08953056768558951
3 0.509873595505618 0.25480349344978165 0.09796348314606741 0.07501091703056773
3 0.5740730337078652 0.20907205240174673 0.09797752808988763 0.0791593886462882
3 0.7365730337078652 0.21842794759825326 0.07794943820224719 0.06668122270742363
3 0.759311797752809 0.2646834061135371 0.08865168539325827 0.07397379912663754
3 0.8964044943820225 0.21244541484716156 0.0873455056179776 0.07552401746724892
3 0.9698033707865169 0.2101528384279476 0.060393258426966294 0.07532751091703056
3 0.9719101123595506 0.27347161572052403 0.056179775280898875 0.06877729257641921