5 0.7626478149100258 0.9390499999999999 0.10133676092544977 0.0822800000000002
3 0.31403598971722363 0.24033999999999997 0.06643958868894594 0.06601999999999998
3 0.39084832904884315 0.19274000000000002 0.0773907455012854 0.05775
3 0.5267223650385604 0.20155 0.07742930591259642 0.060129999999999996
3 0.5358997429305913 0.25107 0.08844473007712089 0.06966999999999995
3 0.6726863753213368 0.19656 0.06827763496143945 0.07870000000000005
3 0.7611182519280205 0.19965 0.0787017994858612 0.06394
3 0.761426735218509 0.24035000000000004 0.05973007712082266 0.04824000000000001
3 0.8419023136246787 0.19822 0.10809768637532122 0.06680000000000001
7 0.5456298200514139 0.017 0.07069408740359898 0.034
0 0.4682647814910026 0.12941 0.051722365038560425 0.05558999999999997
0 0.5414010282776349 0.12966 0.07742930591259642 0.06106
0 0.6194344473007711 0.13799 0.07928020565552707 0.07582
0 0.6809383033419023 0.12847 0.08480719794344475 0.07771999999999997