5 0.23927613941018766 0.965553235908142 0.10589812332439678 0.06889352818371608
3 0.706005361930295 0.24565762004175362 0.06928954423592501 0.0689144050104384
3 0.6258981233243968 0.19597077244258873 0.08071045576407511 0.06028183716075156
3 0.48419571045576404 0.20516701461377873 0.08075067024128688 0.0627661795407098
3 0.47462466487935656 0.25685803757828807 0.09223860589812341 0.07272442588726509
3 0.33197050938337797 0.19995824634655532 0.07120643431635375 0.08215031315240089
3 0.239745308310992 0.2031837160751566 0.08207774798927617 0.06674321503131524
3 0.23942359249329762 0.24566805845511486 0.06229222520107242 0.05035490605427976
3 0.1554959785522788 0.2016910229645094 0.11273458445040202 0.06972860125260961
7 0.4644772117962466 0.015135699373695199 0.07372654155495978 0.030271398747390398
0 0.5451608579088472 0.1298643006263048 0.05394101876675604 0.058027139874739016
0 0.468887399463807 0.13012526096033403 0.08075067024128688 0.06373695198329854
0 0.38750670241286866 0.1388204592901879 0.08268096514745317 0.07914405010438412
0 0.32336461126005367 0.1288830897703549 0.08844504021447723 0.08112734864300623