5 0.744452380952381 0.9213425925925925 0.09385714285714276 0.07618518518518526
3 0.32895238095238094 0.27438888888888885 0.06153571428571425 0.06112962962962961
3 0.40009523809523806 0.23031481481481483 0.07167857142857147 0.05347222222222222
3 0.5259404761904762 0.23847222222222222 0.07171428571428573 0.05567592592592592
3 0.5344404761904762 0.28432407407407406 0.08191666666666673 0.06450925925925922
3 0.6611309523809524 0.23385185185185187 0.06323809523809511 0.07287037037037039
3 0.7430357142857142 0.23671296296296296 0.07289285714285716 0.0592037037037037
3 0.7433214285714286 0.27439814814814817 0.055321428571428605 0.044666666666666674
3 0.8178571428571428 0.2353888888888889 0.10011904761904751 0.06185185185185186
7 0.5443571428571429 0.05463888888888889 0.06547619047619048 0.05825925925925926
0 0.4717976190476191 0.17167592592592593 0.047904761904761915 0.0514722222222222
0 0.5395357142857142 0.1719074074074074 0.07171428571428573 0.05653703703703704
0 0.6118095238095238 0.17962037037037037 0.07342857142857144 0.0702037037037037
0 0.6687738095238095 0.17080555555555554 0.07854761904761907 0.07196296296296294