0 0.33941031941031935 0.16579349904397706 0.08157248157248155 0.06565965583173997
0 0.38999999999999996 0.16238049713193117 0.0751474201474201 0.08613766730401526
0 0.46868550368550366 0.1617017208413002 0.08276412776412777 0.0793116634799235
0 0.5502825552825553 0.1651147227533461 0.09156019656019652 0.07521988527724666
7 0.13877149877149877 0.5932026768642448 0.06163390663390665 0.06853728489483753
7 0.09226044226044225 0.5579158699808796 0.08753071253071253 0.06028680688336515
7 0.3882555282555283 0.24089866156787765 0.06461916461916464 0.057495219885277234
7 0.5163513513513514 0.12255258126195029 0.06113022113022112 0.05927342256214149
7 0.4531818181818182 0.183546845124283 0.06111793611793612 0.06293499043977054
7 0.3326781326781327 0.2768546845124283 0.05641277641277636 0.05112810707456981
7 0.27535626535626534 0.33193116634799236 0.0727764127764128 0.05569789674952198
7 0.21072481572481572 0.38336520076481834 0.07920147420147416 0.06755258126195025
7 0.14813267813267814 0.43662523900573613 0.07099508599508603 0.053919694072657724
7 0.09285012285012285 0.48509560229445503 0.07273955773955774 0.047103250478011456
3 0.18644963144963148 0.265019120458891 0.09615479115479113 0.07479923518164437
3 0.25955773955773953 0.21768642447418737 0.07628992628992631 0.07113766730401526
3 0.4104791154791155 0.2809560229445507 0.04121621621621616 0.04294455066921602
3 0.5344840294840295 0.22701720841300194 0.06699017199017196 0.07159655831739961
3 0.40667076167076166 0.22906309751434037 0.06637592137592134 0.06477055449330783
3 0.6111056511056512 0.22064053537284897 0.06816953316953318 0.06249521988527725
1 0.44966830466830465 0.2702581261950287 0.06111793611793612 0.05613766730401532
1 0.3964373464373464 0.23406309751434032 0.043009828009828 0.03263862332695983
1 0.3622235872235873 0.36265774378585086 0.05700245700245697 0.046156787762906284
1 0.38385749385749385 0.5048948374760994 0.05583538083538089 0.06486615678776282
1 0.47540540540540543 0.5149139579349905 0.0728255528255528 0.08307839388145324
1 0.5432555282555283 0.6637571701720841 0.056461916461916506 0.0694646271510517
1 0.6131572481572481 0.6803632887189293 0.06056511056511051 0.07174952198852769
5 0.5134275184275184 0.9263862332695985 0.13717444717444713 0.09595602294455056