0 0.3615424164524421 0.14142 0.08534704370179946 0.06868
0 0.41447300771208223 0.13785 0.07862467866323902 0.09009999999999997
0 0.4967994858611825 0.13713999999999998 0.08659383033419024 0.08295999999999998
0 0.5821722365038561 0.14071 0.09579691516709508 0.07868
7 0.15161953727506428 0.58849 0.0644858611825193 0.07169000000000006
7 0.10295629820051413 0.5515800000000001 0.09158097686375322 0.06305999999999995
7 0.4126478149100257 0.21998 0.06760925449871469 0.060139999999999985
7 0.5466709511568123 0.09619 0.06395886889460153 0.062
7 0.4805784061696658 0.15999000000000002 0.06394601542416452 0.06582999999999999
7 0.3544987146529563 0.25759 0.05902313624678658 0.05348000000000002
7 0.2945244215938303 0.3152 0.0761439588688946 0.05825999999999999
7 0.22690231362467866 0.369 0.08286632390745498 0.07065999999999997
7 0.161413881748072 0.42471 0.07428020565552702 0.05639999999999998
7 0.103573264781491 0.47540999999999994 0.07610539845758356 0.04926999999999998
3 0.2015038560411311 0.24520999999999998 0.10060411311053982 0.07824
3 0.27799485861182516 0.19569999999999999 0.07982005141388178 0.07440999999999996
3 0.43589974293059125 0.26188 0.043123393316195316 0.04491999999999996
3 0.5656426735218509 0.20546000000000003 0.07008997429305909 0.07488999999999998
3 0.4319151670951156 0.20760000000000003 0.0694473007712082 0.06775
3 0.6458097686375323 0.19879000000000002 0.07132390745501287 0.06537000000000001
1 0.4769023136246786 0.25069 0.06394601542416452 0.05872000000000003
1 0.4212082262210797 0.21283 0.04499999999999999 0.03413999999999999
1 0.38541131105398463 0.34734 0.05964010282776347 0.048279999999999976
1 0.4080462724935732 0.49612 0.05841902313624685 0.06784999999999991
1 0.5038303341902314 0.5066 0.07619537275064264 0.08690000000000009
1 0.5748200514138817 0.6622899999999999 0.05907455012853475 0.07266000000000009
1 0.6479562982005141 0.6796599999999999 0.06336760925449865 0.07504999999999995
5 0.543611825192802 0.937 0.1435218508997429 0.10036999999999989