0 0.3539047619047619 0.1763148148148148 0.07904761904761902 0.0635925925925926
0 0.4029285714285714 0.17300925925925925 0.07282142857142852 0.08342592592592589
0 0.4791785714285714 0.17235185185185184 0.08020238095238096 0.0768148148148148
0 0.55825 0.1756574074074074 0.08872619047619044 0.07285185185185186
7 0.1594761904761905 0.5902685185185186 0.059726190476190495 0.06637962962962968
7 0.1144047619047619 0.5560925925925926 0.08482142857142858 0.05838888888888884
7 0.4012380952380953 0.24905555555555559 0.06261904761904764 0.05568518518518517
7 0.5253690476190476 0.13443518518518519 0.05923809523809523 0.05740740740740741
7 0.4641547619047619 0.19350925925925927 0.059226190476190474 0.06095370370370369
7 0.3473809523809524 0.2838796296296296 0.05466666666666662 0.04951851851851854
7 0.29183333333333333 0.3372222222222222 0.07052380952380953 0.053944444444444434
7 0.22920238095238096 0.387037037037037 0.07674999999999997 0.0654259259259259
7 0.16854761904761906 0.4386203703703703 0.06879761904761905 0.052222222222222205
7 0.11497619047619047 0.4855648148148148 0.07048809523809525 0.04562037037037035
3 0.20567857142857143 0.27241666666666664 0.0931785714285714 0.07244444444444445
3 0.2765238095238095 0.22657407407407407 0.07392857142857143 0.06889814814814813
3 0.4227738095238095 0.28785185185185186 0.03994047619047614 0.041592592592592556
3 0.5429404761904761 0.23561111111111113 0.06491666666666664 0.06934259259259261
3 0.4190833333333333 0.2375925925925926 0.06432142857142854 0.06273148148148149
3 0.6171904761904763 0.22943518518518521 0.06605952380952382 0.060527777777777805
1 0.46075 0.27749074074074076 0.059226190476190474 0.054370370370370395
1 0.4091666666666667 0.24243518518518517 0.04167857142857142 0.0316111111111111
1 0.37601190476190477 0.36698148148148146 0.05523809523809521 0.044703703703703676
1 0.3969761904761904 0.5047407407407407 0.05410714285714291 0.06282407407407405
1 0.48569047619047623 0.5144444444444445 0.07057142857142853 0.08046296296296304
1 0.5514404761904762 0.6586018518518518 0.05471428571428576 0.06727777777777785
1 0.6191785714285715 0.6746851851851852 0.05869047619047613 0.0694907407407407
5 0.5225357142857143 0.912962962962963 0.1329285714285714 0.09293518518518508