1 0.3609880952380953 0.8278796296296297 0.05466666666666662 0.06204629629629629
1 0.410297619047619 0.8662314814814814 0.05127380952380958 0.04883333333333334
5 0.20483333333333334 0.919361111111111 0.11869047619047618 0.08279629629629626
7 0.38621428571428573 0.5470648148148148 0.0756428571428571 0.07341666666666663
7 0.36380952380952386 0.4972407407407407 0.09384523809523815 0.07031481481481487
7 0.30883333333333335 0.4024537037037037 0.07230952380952382 0.06593518518518522
7 0.42844047619047615 0.368962962962963 0.049011904761904715 0.048666666666666615
7 0.5075119047619048 0.3738148148148148 0.07114285714285713 0.0654259259259259
7 0.43466666666666665 0.320462962962963 0.07228571428571431 0.060675925925925904
7 0.5140357142857143 0.3195925925925926 0.0751071428571429 0.05747222222222227
3 0.3020238095238095 0.24133333333333332 0.08591666666666666 0.05849999999999998
3 0.16258333333333333 0.23625925925925925 0.07234523809523809 0.05100925925925923
3 0.10023809523809524 0.2755 0.09050000000000001 0.060694444444444405
3 0.28559523809523807 0.28344444444444444 0.07619047619047616 0.06627777777777781
3 0.4854047619047619 0.23626851851851854 0.08133333333333326 0.06008333333333335
0 0.3666547619047619 0.17521296296296296 0.07734523809523813 0.05786111111111112
0 0.2246547619047619 0.16903703703703704 0.06382142857142858 0.05675925925925927
0 0.2895714285714286 0.18072222222222223 0.08186904761904759 0.07064814814814815