1 0.6698560209424084 0.8208859470468431 0.06010471204188491 0.06823828920570264
1 0.6156413612565446 0.8630651731160895 0.05637434554973828 0.05370672097759675
5 0.8415445026178011 0.9214969450101832 0.13049738219895293 0.09105906313645629
7 0.6421204188481674 0.5120468431771894 0.08316753926701566 0.08074338085539712
7 0.6667539267015706 0.45725050916496945 0.10318062827225151 0.07733197556008152
7 0.727198952879581 0.3530040733197556 0.07950261780104713 0.07251527494908354
7 0.5956937172774869 0.31617107942973527 0.053887434554973766 0.05352342158859465
7 0.5087565445026178 0.32150712830957234 0.0782198952879581 0.07195519348268836
7 0.588848167539267 0.2628309572301426 0.07947643979057595 0.06673116089613032
7 0.5015837696335078 0.2618737270875764 0.08257853403141366 0.06320773930753569
3 0.7346858638743455 0.17580448065173115 0.0944633507853404 0.06433808553971482
3 0.887997382198953 0.17022403258655805 0.07954188481675391 0.05609979633401219
3 0.9535340314136126 0.21283095723014256 0.09293193717277487 0.06720977596741344
3 0.7527486910994765 0.22211812627291244 0.08376963350785341 0.07289205702647662
3 0.5330628272251309 0.17023421588594706 0.08942408376963343 0.0660794297352342
0 0.6636256544502618 0.10308553971486761 0.08503926701570684 0.06363543788187373
0 0.8197513089005235 0.09629327902240326 0.070170157068063 0.0624236252545825
0 0.7483769633507853 0.10914460285132384 0.09001308900523558 0.07769857433808555