1 0.7211548913043478 0.8806659619450318 0.062391304347826186 0.07083509513742071
1 0.6648777173913044 0.9244503171247357 0.058519021739130504 0.055750528541226224
5 0.9001358695652174 0.968816067653277 0.13451086956521738 0.06236786469344609
7 0.6923641304347825 0.5600739957716703 0.08633152173913039 0.08381606765327691
7 0.7179347826086956 0.5031923890063424 0.10710597826086977 0.0802748414376322
7 0.7806793478260868 0.39497885835095137 0.0825271739130435 0.07527484143763218
7 0.644171195652174 0.35674418604651165 0.055937499999999946 0.05556025369978852
7 0.5539266304347826 0.3622832980972516 0.08119565217391303 0.0746934460887949
7 0.6370652173913044 0.3013742071881607 0.08250000000000003 0.06927061310782238
7 0.5464809782608695 0.3003805496828753 0.08572010869565222 0.0656131078224102
3 0.7884510869565217 0.21103594080338264 0.09805706521739141 0.06678646934460883
3 0.9475951086956522 0.2052431289640592 0.08256793478260867 0.05823467230443972
3 0.9836956521739131 0.24947145877378435 0.03260869565217391 0.06976744186046512
3 0.8072010869565218 0.25911205073995774 0.08695652173913043 0.07566596194503175
3 0.5791576086956521 0.20525369978858352 0.09282608695652166 0.06859408033826637
0 0.7146875 0.13554968287526425 0.08827445652173917 0.0660570824524313
0 0.8767527173913043 0.12849894291754757 0.07283967391304365 0.06479915433403807
0 0.8026630434782609 0.14183932346723044 0.09343749999999998 0.08065539112050742