5 0.9310858585858586 0.9345481335952848 0.10199494949494946 0.06602161100196467
7 0.5763762626262626 0.34480353634577604 0.08324494949494958 0.06379174852652264
7 0.6518308080808081 0.2888998035363458 0.06526515151515158 0.05174852652259327
7 0.5784848484848485 0.2907760314341847 0.05498737373737368 0.04553045186640474
7 0.36234848484848486 0.29334970530451865 0.06645202020202035 0.04881139489194505
7 0.3551388888888889 0.35111001964636546 0.07367424242424231 0.053978388998035406
7 0.29080808080808085 0.34526522593320236 0.08210858585858583 0.051630648330058884
7 0.3052525252525252 0.29474459724950886 0.09104797979797967 0.055019646365422385
7 0.5261742424242425 0.07166994106090373 0.08025252525252519 0.0599607072691552
7 0.5580808080808081 0.018664047151277015 0.07828282828282829 0.03732809430255403
0 0.5835858585858585 0.14672888015717092 0.08324494949494943 0.08103143418467584
0 0.5027272727272728 0.14462671905697444 0.11271464646464645 0.08243614931237722
3 0.6488131313131313 0.20098231827111984 0.08743686868686869 0.0623379174852652
3 0.7218560606060607 0.24915520628683693 0.0928282828282828 0.05580550098231822
3 0.510239898989899 0.20167976424361495 0.08806818181818182 0.052524557956778024
3 0.5072348484848485 0.25219056974459725 0.08926767676767683 0.05253438113948921
3 0.30463383838383834 0.19981335952848722 0.09532828282828283 0.06748526522593319