5 0.07926190476190476 0.9244166666666666 0.09616666666666666 0.06223148148148141
7 0.41370238095238093 0.3685277777777778 0.07848809523809532 0.06012962962962968
7 0.3425595238095238 0.31583333333333335 0.06153571428571435 0.04877777777777773
7 0.4117142857142857 0.31760185185185186 0.05184523809523804 0.042916666666666686
7 0.6154999999999999 0.3200277777777778 0.06265476190476196 0.04600925925925931
7 0.622297619047619 0.3744722222222222 0.06946428571428567 0.05087962962962967
7 0.6829523809523809 0.368962962962963 0.07741666666666663 0.048666666666666615
7 0.6693333333333333 0.3213425925925926 0.08584523809523797 0.0518611111111111
7 0.46103571428571427 0.11107407407407408 0.0756666666666666 0.05651851851851851
7 0.43183333333333335 0.050444444444444445 0.07341666666666662 0.05768518518518518
0 0.40690476190476194 0.18182407407407408 0.07848809523809518 0.07637962962962964
0 0.4831428571428571 0.17984259259259258 0.1062738095238095 0.07770370370370372
3 0.3454047619047619 0.23296296296296296 0.08244047619047619 0.05875925925925924
3 0.27653571428571433 0.2783703703703704 0.08752380952380953 0.0526018518518518
3 0.47605952380952377 0.23362037037037037 0.08303571428571428 0.04950925925925929
3 0.4788928571428571 0.28123148148148147 0.08416666666666672 0.04951851851851854
3 0.6699166666666667 0.2318611111111111 0.08988095238095238 0.0636111111111111