5 0.9225659472422062 0.924925512104283 0.09685851318944841 0.06257914338919929
7 0.5857194244604317 0.36593109869646184 0.07905275779376507 0.060465549348230965
7 0.6573741007194245 0.3129422718808194 0.061978417266187115 0.04905027932960889
7 0.5877218225419665 0.31472067039106144 0.05221822541966421 0.04315642458100561
7 0.38247002398081537 0.3171601489757914 0.06310551558753011 0.046266294227188136
7 0.37562350119904075 0.37190875232774673 0.06996402877697831 0.051163873370577324
7 0.3145323741007195 0.3663687150837989 0.07797362110311748 0.04893854748603347
7 0.3282494004796163 0.3184823091247672 0.08646282973621092 0.05215083798882681
7 0.5380455635491607 0.10703910614525139 0.07621103117505988 0.05683426443202979
7 0.5674580335731415 0.046070763500931096 0.07394484412470019 0.05800744878957169
0 0.5925659472422062 0.17818435754189946 0.07905275779376493 0.07680633147113596
0 0.515779376498801 0.17619180633147113 0.10703836930455633 0.07813780260707637
3 0.6545083932853717 0.22960893854748604 0.08303357314148681 0.05908752327746739
3 0.7238729016786571 0.2752700186219739 0.0881534772182254 0.05289571694599623
3 0.5229136690647482 0.23027001862197394 0.08363309352517985 0.04978584729981381
3 0.5200599520383693 0.278147113594041 0.08477218225419669 0.04979515828677841
3 0.3276618705035971 0.22850093109869646 0.09052757793764989 0.06396648044692736