0 0.44420000000000004 0.16137864077669903 0.08003749999999997 0.0932621359223301
0 0.38230000000000003 0.16833009708737864 0.0818625 0.08147572815533982
5 0.3677249999999999 0.9483495145631068 0.08657499999999999 0.07219417475728168
1 0.7072624999999999 0.8926601941747573 0.03893750000000011 0.05860194174757272
1 0.7822625 0.9310097087378642 0.07534999999999997 0.06803883495145624
1 0.8530875 0.9689223300970874 0.06941249999999996 0.049533980582524256
7 0.490625 0.534883495145631 0.06993750000000006 0.058485436893203895
7 0.3659375 0.5203203883495146 0.07412499999999994 0.07928155339805833
7 0.28082499999999994 0.48311650485436897 0.06818749999999994 0.06770873786407768
7 0.3183125 0.5062233009708738 0.07175000000000012 0.08251456310679613
7 0.15792500000000004 0.35923300970873784 0.054524999999999865 0.06027184466019422
7 0.09333749999999995 0.32225242718446606 0.05752499999999998 0.06210679611650488
7 0.15613749999999996 0.31206796116504854 0.06331250000000012 0.06732038834951459
7 0.23083749999999995 0.31206796116504854 0.05321249999999992 0.05622330097087375
7 0.23349999999999993 0.3645436893203884 0.07712500000000005 0.057961165048543734
7 0.4445 0.32570873786407767 0.09016249999999999 0.06963106796116507
7 0.44032499999999997 0.3684757281553398 0.07292500000000005 0.0695242718446602
7 0.5099750000000001 0.319 0.06636250000000005 0.07009708737864082
7 0.5653125 0.3693980582524272 0.09432500000000005 0.06212621359223302
7 0.5897249999999999 0.3153106796116505 0.0782875 0.057155339805825246
7 0.6537125 0.3162330097087379 0.07532499999999999 0.053456310679611596
7 0.6537000000000001 0.3622330097087379 0.08894999999999982 0.05703883495145631
3 0.5073 0.23510679611650487 0.06814999999999997 0.06041747572815536
3 0.5697875 0.2771747572815534 0.07173749999999998 0.06132038834951453
3 0.3748625 0.23534951456310682 0.0919749999999999 0.05837864077669903
3 0.36652500000000005 0.27741747572815534 0.08246250000000004 0.06301941747572812
3 0.169525 0.22056310679611651 0.09560000000000002 0.08241747572815533