0 0.4825895316804408 0.1704710920770878 0.08819559228650134 0.10284796573875803
0 0.41438016528925625 0.17813704496788008 0.09020661157024795 0.08985010706638118
1 0.7734159779614325 0.9721627408993576 0.04269972451790634 0.055674518201284794
1 0.8553719008264463 0.9903640256959315 0.08264462809917356 0.019271948608137045
7 0.5337465564738292 0.5823661670235546 0.0770661157024794 0.06449678800856531
7 0.3963498622589532 0.566306209850107 0.0816804407713498 0.08743040685224848
7 0.3025619834710743 0.5252783725910064 0.0751377410468319 0.07466809421841543
7 0.34387052341597796 0.5507601713062098 0.07906336088154282 0.09099571734475376
7 0.16713498622589537 0.38866167023554604 0.06008264462809902 0.06646680942184159
7 0.09596418732782364 0.34788008565310496 0.06338842975206609 0.06849036402569596
7 0.1651652892561983 0.3366488222698073 0.0697658402203858 0.07423982869379019
7 0.24747933884297516 0.3366488222698073 0.05863636363636355 0.06200214132762309
7 0.2504132231404958 0.3945182012847966 0.08498622589531686 0.06391862955032125
7 0.4829201101928375 0.35169164882226983 0.09935261707988981 0.07678800856531053
7 0.4783195592286501 0.3988543897216274 0.08035812672176312 0.07667023554603856
7 0.555068870523416 0.3442933618843683 0.07312672176308545 0.07730192719486086
7 0.6160468319559229 0.3998715203426124 0.10393939393939398 0.0685117773019272
7 0.6429476584022038 0.34022483940042825 0.08626721763085399 0.06302997858672377
7 0.7134573002754822 0.3412419700214133 0.08300275482093662 0.05895074946466804
7 0.713443526170799 0.39197002141327625 0.09801652892561963 0.06290149892933619
3 0.5521212121212121 0.2517773019271949 0.07509641873278235 0.06662740899357604
3 0.6209779614325068 0.298169164882227 0.07904958677685948 0.06762312633832973
3 0.4061845730027548 0.2520449678800857 0.10134986225895307 0.06437901498929335
3 0.3969972451790634 0.2984368308351178 0.09086776859504136 0.06949678800856528
3 0.17991735537190084 0.2357387580299786 0.10534435261707992 0.09088865096359741