0 0.5471904761904762 0.17057407407407407 0.07622619047619045 0.08894444444444445
0 0.6061428571428571 0.1772037037037037 0.07796428571428565 0.07770370370370372
5 0.6200238095238095 0.9211111111111111 0.08245238095238094 0.06885185185185186
1 0.2966547619047619 0.8680000000000001 0.03708333333333331 0.055888888888888794
1 0.22522619047619047 0.9045740740740741 0.07176190476190474 0.06488888888888882
1 0.15777380952380954 0.9407314814814814 0.06610714285714288 0.04724074074074072
7 0.5029761904761905 0.526787037037037 0.0666071428571429 0.05577777777777779
7 0.6217261904761905 0.512898148148148 0.07059523809523804 0.07561111111111118
7 0.7027857142857143 0.47741666666666666 0.06494047619047613 0.06457407407407409
7 0.6670833333333334 0.4994537037037037 0.06833333333333344 0.07869444444444446
7 0.8198333333333333 0.3592685185185185 0.051928571428571296 0.05748148148148152
7 0.8813452380952381 0.324 0.054785714285714264 0.05923148148148151
7 0.8215357142857144 0.31428703703703703 0.060297619047619155 0.06420370370370374
7 0.7503928571428572 0.31428703703703703 0.05067857142857135 0.05362037037037034
7 0.7478571428571429 0.36433333333333334 0.073452380952381 0.05527777777777782
7 0.5469047619047619 0.3272962962962963 0.08586904761904761 0.06640740740740743
7 0.5508809523809524 0.3680833333333333 0.06945238095238099 0.06630555555555556
7 0.484547619047619 0.32089814814814815 0.063202380952381 0.0668518518518519
7 0.4318452380952381 0.368962962962963 0.08983333333333338 0.05925000000000001
7 0.4085952380952381 0.3173796296296296 0.0745595238095238 0.054509259259259264
7 0.34765476190476186 0.3182592592592593 0.07173809523809523 0.05098148148148143
7 0.3476666666666667 0.36212962962962963 0.08471428571428567 0.05439814814814815
3 0.48709523809523814 0.2408888888888889 0.06490476190476188 0.057620370370370384
3 0.42758333333333337 0.2810092592592593 0.06832142857142856 0.058481481481481454
3 0.6132261904761905 0.2411203703703704 0.08759523809523807 0.05567592592592592
3 0.6211666666666666 0.28124074074074074 0.07853571428571432 0.06010185185185182
3 0.8087857142857143 0.22701851851851854 0.09104761904761907 0.07860185185185184