5 0.6645238095238096 0.9235462962962963 0.11084523809523804 0.07707407407407409
7 0.7509642857142856 0.6090092592592593 0.08422619047619048 0.08446296296296299
7 0.3714642857142857 0.39716666666666667 0.06492857142857139 0.05007407407407411
7 0.2192738095238095 0.3517592592592592 0.07005952380952384 0.05978703703703698
7 0.20964285714285713 0.40467592592592594 0.07164285714285715 0.06719444444444449
7 0.1385 0.3967314814814815 0.06838095238095238 0.06505555555555555
7 0.29182142857142856 0.34602777777777777 0.06551190476190473 0.06419444444444448
7 0.3830952380952381 0.3524351851851852 0.09208333333333336 0.05791666666666662
7 0.6160595238095238 0.34317592592592594 0.06152380952380953 0.05526851851851857
7 0.6925833333333333 0.3447222222222222 0.07854761904761907 0.060120370370370324
7 0.7747738095238095 0.35000925925925924 0.08423809523809522 0.07599074074074068
7 0.7866785714285713 0.3954166666666667 0.08763095238095227 0.06984259259259254
7 0.6976904761904761 0.40467592592592594 0.08195238095238086 0.08306481481481486
3 0.5321785714285714 0.44655555555555554 0.10685714285714284 0.06809259259259257
3 0.30316666666666664 0.24551851851851855 0.08138095238095236 0.06951851851851854
3 0.4383571428571429 0.25566666666666665 0.06659523809523817 0.06890740740740739
3 0.6846547619047619 0.24332407407407408 0.10121428571428569 0.07772222222222219
0 0.4596190476190476 0.1886574074074074 0.10910714285714283 0.07064814814814815
0 0.3785476190476191 0.1890925925925926 0.10290476190476197 0.07306481481481483
1 0.4890952380952381 0.5783611111111111 0.07736904761904763 0.06901851851851848
1 0.7385 0.8036388888888888 0.0615476190476191 0.07349999999999988