5 0.3026992287917738 0.9695 0.11953727506426735 0.061
7 0.20847043701799492 0.64173 0.09093830334190231 0.09122000000000002
7 0.6182133676092545 0.41294 0.07010282776349609 0.05408000000000004
7 0.7825321336760924 0.3639 0.07564267352185078 0.06456999999999993
7 0.79293059125964 0.42105000000000004 0.07735218508997438 0.07257000000000005
7 0.8697429305912596 0.41247 0.07383033419023144 0.07025999999999999
7 0.7042030848329048 0.35771 0.07073264781491 0.06933000000000004
7 0.6056555269922879 0.36463 0.09942159383033422 0.06254999999999995
7 0.3541259640102828 0.35463 0.06642673521850907 0.059690000000000056
7 0.27150385604113114 0.3563 0.08480719794344475 0.06492999999999995
7 0.18276349614395893 0.36201 0.09095115681233933 0.08206999999999993
7 0.16991002570694094 0.41105 0.09461439588688933 0.07542999999999996
7 0.26598971722365045 0.42105000000000004 0.08848329048843177 0.08971000000000004
3 0.4446915167095116 0.46628 0.11537275064267351 0.07353999999999997
3 0.6919537275064268 0.24916000000000002 0.08786632390745489 0.07508000000000004
3 0.5459897172236503 0.26012 0.07190231362467873 0.07441999999999996
3 0.2800642673521851 0.24679 0.10928020565552697 0.08393999999999995
0 0.5230334190231363 0.18775 0.11780205655526989 0.0763
0 0.6105655526992287 0.18822 0.11110539845758362 0.07891000000000002
1 0.49120822622107974 0.60863 0.08353470437017996 0.07453999999999997
1 0.22192802056555266 0.85193 0.06645244215938309 0.07937999999999988