5 0.30125628140703514 0.956474609375 0.1169723618090451 0.08128906250000001
7 0.21003768844221113 0.624736328125 0.0888819095477387 0.08908203125000003
7 0.6105150753768844 0.40130859375 0.06851758793969845 0.05281250000000004
7 0.7711180904522612 0.35341796875 0.07393216080401999 0.06305664062499994
7 0.7812814070351759 0.409228515625 0.07560301507537696 0.07086914062500005
7 0.8563567839195979 0.400849609375 0.07216080402010057 0.06861328124999999
7 0.6945603015075377 0.347373046875 0.06913316582914569 0.06770507812500004
7 0.5982412060301507 0.354130859375 0.09717336683417088 0.061083984374999956
7 0.35239949748743715 0.344365234375 0.06492462311557796 0.05829101562500005
7 0.2716457286432161 0.34599609375 0.08288944723618093 0.06340820312499995
7 0.1849120603015076 0.351572265625 0.08889447236180903 0.08014648437499994
7 0.17234924623115586 0.399462890625 0.09247487437185917 0.07366210937499995
7 0.2662562814070352 0.409228515625 0.08648241206030141 0.08760742187500004
3 0.4409170854271357 0.4533984375 0.11276381909547738 0.07181640624999996
3 0.6825879396984925 0.24136718750000002 0.0858793969849245 0.07332031250000004
3 0.5399246231155779 0.2520703125 0.07027638190954781 0.07267578124999996
3 0.28001256281407033 0.23905273437500002 0.10680904522613063 0.08197265624999994
0 0.5174874371859297 0.181396484375 0.11513819095477384 0.07451171875000001
0 0.6030402010050251 0.18185546875 0.10859296482412067 0.07706054687500002
1 0.48638190954773874 0.592412109375 0.08164572864321609 0.07279296874999996
1 0.2231909547738693 0.830009765625 0.06494974874371864 0.07751953124999988