7 0.2697941888619855 0.43816384180790957 0.08622276029055694 0.06161958568738224
7 0.17439467312348664 0.4410734463276837 0.07875302663438251 0.06924670433145005
7 0.2597094430992736 0.3960075329566855 0.08958837772397095 0.08544256120527308
7 0.17871670702179177 0.3823446327683616 0.08393462469733648 0.06833333333333338
7 0.37932203389830516 0.37561205273069675 0.07520581113801439 0.05809792843691153
7 0.6603389830508475 0.3942184557438795 0.09082324455205809 0.06032956685499063
7 0.6747457627118643 0.4386064030131827 0.10400726392251798 0.07686440677966101
7 0.747675544794189 0.3843502824858757 0.07874092009685225 0.07826741996233522
7 0.853450363196126 0.3921939736346516 0.07818401937045996 0.06436911487758946
7 0.8517070217917675 0.4491431261770245 0.09820823244552045 0.06924670433145005
7 0.9560532687651332 0.4410640301318268 0.06667070217917667 0.07063088512241054
3 0.7574697336561743 0.27742937853107347 0.09372881355932212 0.0662052730696798
3 0.5574455205811137 0.2680131826741996 0.10636803874092012 0.052758945386064
3 0.26864406779661015 0.26735404896421844 0.07699757869249384 0.06963276836158197
0 0.56090799031477 0.20793785310734464 0.11328087167070224 0.07788135593220337
0 0.6661016949152543 0.20032015065913372 0.10004842615012091 0.0733992467043315