7 0.7251785714285715 0.44104629629629627 0.08478571428571431 0.06059259259259254
7 0.8189880952380952 0.4439074074074075 0.07744047619047614 0.06809259259259261
7 0.7350952380952381 0.3995925925925926 0.0880952380952381 0.08401851851851852
7 0.8147380952380953 0.3861574074074074 0.0825357142857142 0.06719444444444449
7 0.6174761904761904 0.379537037037037 0.0739523809523809 0.05712962962962967
7 0.34114285714285714 0.39783333333333337 0.08930952380952378 0.05932407407407412
7 0.32697619047619053 0.4414814814814815 0.10227380952380949 0.07558333333333334
7 0.25526190476190475 0.38812962962962966 0.07742857142857146 0.07696296296296297
7 0.15125 0.3958425925925926 0.0768809523809524 0.06329629629629631
7 0.15296428571428572 0.4518425925925926 0.09657142857142857 0.06809259259259257
7 0.05035714285714285 0.4438981481481482 0.0655595238095238 0.06945370370370375
3 0.2456309523809524 0.2829907407407407 0.09216666666666669 0.0651018518518518
3 0.4423214285714286 0.27373148148148146 0.10459523809523812 0.0518796296296296
3 0.7263095238095238 0.27308333333333334 0.07571428571428561 0.06847222222222227
0 0.4389166666666667 0.2146574074074074 0.1113928571428572 0.07658333333333331
0 0.3354761904761905 0.20716666666666667 0.09838095238095236 0.07217592592592594