7 0.8429886685552408 0.48937362637362636 0.10087818696883856 0.07191208791208785
7 0.9539660056657224 0.49230769230769234 0.09206798866855524 0.08131868131868132
7 0.8547875354107649 0.4401758241758242 0.1048158640226629 0.09971428571428573
7 0.9495467422096318 0.42423076923076924 0.09820113314447582 0.0797472527472528
7 0.7148441926345608 0.41637362637362635 0.08798866855524064 0.06780219780219786
7 0.38606232294617565 0.4380879120879121 0.10626062322946173 0.07040659340659346
7 0.36920679886685553 0.4898901098901099 0.12168555240793197 0.0897032967032967
7 0.28388101983002834 0.4265714285714286 0.09212464589235131 0.09134065934065935
7 0.16012747875354108 0.4357252747252747 0.0914730878186969 0.07512087912087914
7 0.1621671388101983 0.5021868131868132 0.11490084985835694 0.08081318681318678
7 0.040084985835694045 0.49275824175824184 0.0780028328611898 0.08242857142857142
3 0.2724220963172805 0.3017912087912088 0.10966005665722382 0.0772637362637362
3 0.5064447592067989 0.2908021978021978 0.1244475920679887 0.06157142857142854
3 0.8443342776203966 0.29003296703296705 0.09008498583569392 0.08126373626373631
0 0.5023937677053825 0.22069230769230772 0.1325354107648726 0.09089010989010987
0 0.3793201133144476 0.2118021978021978 0.11705382436260621 0.08565934065934071