0 0.3745833333333333 0.18644444444444447 0.0745595238095238 0.06777777777777777
0 0.4545119047619048 0.17851851851851852 0.07849999999999993 0.07505555555555556
3 0.2963690476190476 0.2521388888888889 0.07505952380952378 0.054805555555555524
3 0.2198452380952381 0.29842592592592593 0.08525000000000002 0.06274999999999999
3 0.4590476190476191 0.2558888888888889 0.07622619047619045 0.060537037037037035
3 0.7141309523809524 0.2576481481481481 0.07628571428571419 0.06229629629629627
7 0.6183333333333333 0.3546388888888889 0.06379761904761902 0.05350925925925923
7 0.68975 0.3515462962962963 0.0638095238095237 0.05439814814814815
7 0.7005238095238095 0.40202777777777776 0.06267857142857154 0.0566111111111111
7 0.7951785714285715 0.3969537037037037 0.07744047619047614 0.048240740740740765
7 0.7764642857142857 0.34977777777777774 0.06880952380952375 0.053175925925925877
7 0.37657142857142856 0.3475833333333333 0.05410714285714291 0.05174999999999999
7 0.38535714285714284 0.3996018518518518 0.08075000000000004 0.048240740740740765
7 0.2952261904761905 0.3471296296296296 0.04510714285714284 0.04787962962962966
7 0.20623809523809525 0.35264814814814816 0.05123809523809526 0.04954629629629629
7 0.21644047619047618 0.4029074074074074 0.07845238095238093 0.06543518518518515
7 0.13991666666666666 0.3879074074074074 0.0678095238095238 0.06329629629629631