0 0.3694578313253012 0.18853932584269664 0.0754578313253012 0.06853932584269662
0 0.45034939759036147 0.1805243445692884 0.07944578313253005 0.07589887640449439
3 0.29030120481927707 0.25497191011235953 0.0759638554216867 0.05542134831460668
3 0.21285542168674698 0.30177902621722846 0.08627710843373496 0.06345505617977526
3 0.4549397590361446 0.2587640449438202 0.07714457831325298 0.061217228464419474
3 0.7130963855421687 0.2605430711610487 0.07720481927710834 0.06299625468164792
7 0.616144578313253 0.35862359550561795 0.06456626506024087 0.054110486891385735
7 0.6884216867469879 0.35549625468164797 0.06457831325301194 0.05500936329588015
7 0.6993253012048194 0.4065449438202247 0.06343373493975915 0.057247191011235946
7 0.7951204819277109 0.4014138576779026 0.07837349397590355 0.04878277153558055
7 0.7761807228915663 0.3537078651685393 0.06963855421686742 0.05377340823970033
7 0.37146987951807225 0.3514887640449438 0.05475903614457837 0.05233146067415729
7 0.3803614457831325 0.40409176029962546 0.08172289156626511 0.04878277153558055
7 0.289144578313253 0.35102996254681645 0.04565060240963854 0.048417602996254715
7 0.1990843373493976 0.3566104868913858 0.05185542168674701 0.05010299625468164
7 0.20940963855421688 0.40743445692883895 0.07939759036144575 0.06617041198501869
7 0.13196385542168676 0.39226591760299623 0.06862650602409637 0.06400749063670413