0 0.3736810551558753 0.1837616387337058 0.07509592326139088 0.06815642458100557
0 0.4541846522781775 0.17579143389199256 0.07906474820143877 0.07547486033519553
3 0.2949040767386091 0.24982309124767227 0.075599520383693 0.055111731843575366
3 0.21782973621103116 0.2963687150837989 0.085863309352518 0.06310055865921786
3 0.4587529976019185 0.25359404096834265 0.07677458033573138 0.06087523277467411
3 0.7156714628297363 0.25536312849162013 0.07683453237410064 0.06264432029795156
7 0.6191846522781774 0.35289571694599625 0.06425659472422053 0.05380819366852883
7 0.691115107913669 0.34978584729981377 0.06426858513189437 0.054702048417132214
7 0.7019664268585133 0.4005493482309125 0.06312949640287781 0.056927374301675965
7 0.7973021582733814 0.39544692737430165 0.07799760191846518 0.0485102420856611
7 0.778453237410072 0.3480074487895717 0.06930455635491602 0.05347299813780256
7 0.37568345323741004 0.3458007448789572 0.05449640287769789 0.05203910614525138
7 0.3845323741007194 0.3981098696461825 0.08133093525179862 0.0485102420856611
7 0.2937529976019185 0.34534450651769083 0.045431654676258974 0.048147113594041
7 0.20412470023980817 0.35089385474860335 0.051606714628297384 0.049823091247672244
7 0.21440047961630695 0.4014338919925512 0.07901678657074337 0.06580074487895714
7 0.137326139088729 0.3863500931098696 0.06829736211031173 0.06364990689013036