7 0.059104683195592284 0.40301927194860815 0.05155647382920111 0.06198072805139185
7 0.12567493112947659 0.4114453961456103 0.07110192837465565 0.058832976445396194
7 0.3011157024793389 0.40609207708779443 0.0704820936639118 0.05423982869379011
7 0.13287878787878787 0.34541755888650966 0.061377410468319564 0.05690578158458242
7 0.20765840220385673 0.35894004282655245 0.07242424242424247 0.07206638115631686
7 0.29192837465564736 0.34849036402569594 0.08096418732782365 0.0654389721627409
7 0.5476997245179064 0.35026766595289077 0.06851239669421488 0.0635331905781585
7 0.6342837465564738 0.35460385438972164 0.08891184573002749 0.05931477516059955
7 0.6310055096418733 0.41297644539614564 0.08760330578512385 0.06800856531049249
7 0.7306887052341599 0.4124625267665953 0.07712121212121213 0.05678800856531045
7 0.7080578512396694 0.3484796573875803 0.10192837465564739 0.0691434689507495
3 0.634931129476584 0.26156316916488226 0.09341597796143242 0.0696788008565311
3 0.38537190082644623 0.258254817987152 0.09411845730027554 0.07222698072805143
3 0.22338842975206613 0.2478051391862955 0.06922865013774103 0.06662740899357604
3 0.12993112947658403 0.31076017130620986 0.09876033057851238 0.06099571734475378
0 0.30734159779614323 0.1817880085653105 0.07184573002754817 0.0722591006423983
0 0.3896556473829201 0.17339400428265522 0.08230027548209366 0.0760813704496788