7 0.1327763157894737 0.34366803278688524 0.04925000000000001 0.05931352459016392
7 0.19636842105263158 0.3517315573770492 0.06792105263157895 0.05630122950819677
7 0.3639605263157895 0.3466086065573771 0.067328947368421 0.051905737704918
7 0.20325 0.2885450819672131 0.05863157894736842 0.05445696721311473
7 0.27468421052631575 0.3014856557377049 0.06918421052631585 0.06896516393442617
7 0.35518421052631577 0.2914856557377049 0.07734210526315786 0.06262295081967213
7 0.5995131578947368 0.29318647540983606 0.06544736842105264 0.060799180327868886
7 0.6822236842105264 0.29733606557377046 0.08493421052631572 0.05676229508196719
7 0.6790921052631579 0.35319672131147545 0.08368421052631567 0.06508196721311474
7 0.7743157894736842 0.3527049180327869 0.07367105263157896 0.05434426229508193
7 0.7526973684210526 0.29147540983606557 0.09736842105263158 0.0661680327868853
3 0.6828421052631579 0.20829918032786887 0.08923684210526307 0.0666803278688525
3 0.4444473684210526 0.20513319672131144 0.08990789473684216 0.06911885245901643
3 0.2897105263157895 0.19513319672131146 0.0661315789473684 0.06376024590163937
3 0.2004342105263158 0.25537909836065575 0.09434210526315788 0.05837090163934429
0 0.3699078947368421 0.13195696721311476 0.06863157894736838 0.06914959016393443
0 0.4485394736842105 0.12392418032786884 0.07861842105263157 0.07280737704918033