7 0.18441666666666667 0.36983333333333335 0.04455952380952382 0.05360185185185184
7 0.24195238095238097 0.3771203703703704 0.06145238095238096 0.05087962962962967
7 0.39358333333333334 0.37249074074074073 0.06091666666666662 0.04690740740740738
7 0.24817857142857142 0.32001851851851854 0.05304761904761905 0.049212962962962944
7 0.3128095238095238 0.331712962962963 0.0625952380952381 0.062324074074074025
7 0.3856428571428571 0.3226759259259259 0.06997619047619044 0.0565925925925926
7 0.6067023809523809 0.3242129629629629 0.059214285714285726 0.054944444444444476
7 0.6815357142857142 0.32796296296296296 0.07684523809523804 0.05129629629629628
7 0.678702380952381 0.37844444444444447 0.07571428571428561 0.0588148148148148
7 0.7648571428571429 0.378 0.06665476190476191 0.04911111111111108
7 0.745297619047619 0.32266666666666666 0.0880952380952381 0.059796296296296333
3 0.6820952380952381 0.2475 0.08073809523809516 0.06025925925925927
3 0.4664047619047619 0.24463888888888888 0.08134523809523814 0.06246296296296297
3 0.3264047619047619 0.23560185185185184 0.05983333333333332 0.057620370370370384
3 0.2456309523809524 0.2900462962962963 0.08535714285714284 0.052750000000000026
0 0.3989642857142857 0.17850925925925926 0.06209523809523806 0.06249074074074075
0 0.47010714285714283 0.17124999999999999 0.07113095238095238 0.0657962962962963