5 0.5632992327365729 0.9751491053677932 0.1010230179028133 0.04970178926441352
7 0.39835038363171354 0.39401590457256463 0.05812020460358062 0.053767395626242574
7 0.2896675191815857 0.3973260437375745 0.059923273657288875 0.054711729622266364
7 0.2948337595907928 0.46288270377733604 0.07828644501278775 0.061262425447316096
7 0.1916368286445013 0.3997017892644135 0.08744245524296661 0.065506958250497
7 0.20411764705882354 0.46785288270377734 0.09414322250639401 0.06552683896620275
7 0.6845268542199487 0.4098707753479125 0.0776598465473146 0.059910536779324036
7 0.6845140664961636 0.4645427435387674 0.07576726342710997 0.06647117296222664
7 0.7715984654731458 0.4127037773359841 0.07890025575447576 0.06558648111332009
7 0.8693222506393862 0.40536779324055666 0.09901534526854228 0.0764711729622266
7 0.8702173913043478 0.4683300198807157 0.1037340153452684 0.07025844930417502
7 0.9616368286445013 0.44781312127236583 0.07672634271099744 0.08250497017892644
3 0.8970204603580563 0.29911530815109344 0.08379795396419434 0.07130218687872765
3 0.7706777493606137 0.2761729622266401 0.09097186700767276 0.06262425447316103
3 0.5816240409207161 0.2875347912524851 0.06726342710997445 0.0683001988071571
3 0.27778772378516625 0.29321073558648114 0.07342710997442464 0.05127236580516903
0 0.5810230179028133 0.20564612326043738 0.12391304347826083 0.07465208747514913
0 0.6784398976982097 0.20233598409542744 0.08984654731457799 0.07938369781312128