5 0.47165847665847666 0.9299713193116634 0.09798525798525798 0.06744741873804988
7 0.6295945945945947 0.3607839388145315 0.05583538083538089 0.05171128107074573
7 0.7340049140049141 0.36396749521988525 0.057567567567567444 0.052619502868068796
7 0.7290417690417691 0.42701720841300195 0.07520884520884524 0.05891969407265774
7 0.8281818181818181 0.3662523900573614 0.08400491400491386 0.06300191204588908
7 0.8161916461916462 0.4317973231357553 0.09044226044226059 0.06302103250478007
7 0.3546683046683047 0.3760325047801147 0.07460687960687963 0.057619502868068814
7 0.35468058968058963 0.4286137667304015 0.07278869778869779 0.06392925430210325
7 0.27101965601965605 0.37875717017208416 0.07579852579852585 0.06307839388145317
7 0.17713759213759214 0.3717017208413002 0.09512285012285013 0.07354684512428293
7 0.17627764127764128 0.43225621414913956 0.09965601965601967 0.06757170172084136
7 0.08062653562653561 0.4131261950286807 0.09163390663390664 0.07991395793499047
3 0.15052825552825552 0.2695124282982792 0.08050368550368554 0.06857552581261953
3 0.27190417690417695 0.2474474187380497 0.08739557739557738 0.06022944550669216
3 0.45352579852579855 0.2583747609942639 0.06461916461916464 0.06568833652007652
3 0.7454176904176903 0.2638336520076482 0.07054054054054062 0.04931166347992356
0 0.4541031941031941 0.17961759082217973 0.11904176904176901 0.07179732313575528
0 0.3605159705159705 0.176434034416826 0.08631449631449631 0.07634799235181645