5 0.4630119047619048 0.9219907407407407 0.09495238095238094 0.06532407407407413
7 0.6160595238095238 0.37072222222222223 0.05410714285714291 0.05008333333333336
7 0.7172380952380952 0.37380555555555556 0.05578571428571417 0.05096296296296293
7 0.7124285714285715 0.4348703703703704 0.07288095238095241 0.05706481481481481
7 0.8085 0.37601851851851853 0.08140476190476176 0.0610185185185185
7 0.7968809523809524 0.4395 0.08764285714285729 0.061037037037037
7 0.34964285714285714 0.38549074074074074 0.07229761904761907 0.05580555555555554
7 0.34965476190476186 0.4364166666666667 0.07053571428571428 0.06191666666666667
7 0.26858333333333334 0.38812962962962966 0.07345238095238098 0.06109259259259261
7 0.17760714285714285 0.3812962962962963 0.09217857142857144 0.07123148148148144
7 0.17677380952380953 0.4399444444444444 0.09657142857142857 0.0654444444444445
7 0.08408333333333333 0.42141666666666666 0.08879761904761906 0.07739814814814817
3 0.15182142857142858 0.2823240740740741 0.07801190476190478 0.06641666666666668
3 0.26944047619047623 0.2609537037037037 0.0846904761904762 0.058333333333333334
3 0.4454404761904762 0.271537037037037 0.06261904761904764 0.06362037037037041
3 0.728297619047619 0.2768240740740741 0.06835714285714295 0.0477592592592593
0 0.446 0.19525925925925924 0.11535714285714282 0.06953703703703706
0 0.3553095238095238 0.19217592592592594 0.08364285714285713 0.07394444444444445