0 0.3545949720670391 0.13070498915401302 0.10611731843575421 0.102646420824295
3 0.2452094972067039 0.20248373101952277 0.09881284916201118 0.09745119305856835
3 0.7841899441340783 0.25127982646420827 0.10336592178770948 0.09278741865509757
7 0.690768156424581 0.3545770065075922 0.07949720670391056 0.06629067245119306
7 0.7805307262569833 0.3643709327548807 0.07610335195530728 0.0710629067245119
7 0.7778770949720671 0.4134381778741866 0.0808379888268158 0.07869848156182219
7 0.8693156424581004 0.41860086767895877 0.08551675977653633 0.07457700650759218
7 0.86 0.359468546637744 0.09536312849162007 0.0643492407809111
7 0.4181005586592179 0.42066160520607376 0.10143854748603351 0.06587852494577008
7 0.42776536312849156 0.35094360086767895 0.0827653631284916 0.08139913232104116
7 0.25219273743016757 0.36721258134490237 0.09283519553072629 0.06745119305856827
7 0.2631703910614525 0.41860086767895877 0.08074022346368716 0.07457700650759218
7 0.255195530726257 0.5371149674620391 0.08871508379888265 0.06996746203904554
1 0.19400837988826816 0.6021800433839479 0.05944134078212291 0.06998915401301516
1 0.37089385474860337 0.8719956616052061 0.06479050279329607 0.0788611713665944
5 0.4175977653631285 0.9810195227765727 0.1340782122905028 0.03796095444685466