0 0.3173844282238443 0.12619092627599243 0.09243309002433092 0.08945179584120981
3 0.2221046228710462 0.1887429111531191 0.0860705596107056 0.08492438563327034
3 0.6915815085158151 0.23126654064272212 0.09003649635036495 0.08086011342155006
7 0.6102068126520681 0.3212854442344045 0.06924574209245737 0.057769376181474485
7 0.6883941605839416 0.329820415879017 0.06628953771289539 0.061928166351606785
7 0.6860827250608273 0.37258034026465026 0.07041362530413639 0.06858223062381859
7 0.7657299270072992 0.37707939508506616 0.07448905109489053 0.06499054820415878
7 0.7576155717761557 0.32554820415879016 0.0830656934306569 0.05607750472589796
7 0.3727007299270073 0.37887523629489606 0.08835766423357663 0.05741020793950852
7 0.3811192214111922 0.31811909262759924 0.07209245742092456 0.07093572778827972
7 0.22818734793187348 0.33229678638941396 0.0808637469586375 0.05878071833648388
7 0.23774939172749393 0.37707939508506616 0.07032846715328467 0.06499054820415878
7 0.23080291970802919 0.480359168241966 0.07727493917274937 0.0609735349716446
1 0.17750608272506083 0.5370604914933838 0.05177615571776156 0.060992438563327006
1 0.3315815085158151 0.7721928166351607 0.056435523114355214 0.0687240075614367
5 0.3730048661800487 0.9058506616257089 0.11610705596107063 0.10926275992438554