0 0.32129761904761905 0.14213888888888887 0.09045238095238098 0.08762962962962961
3 0.2280595238095238 0.20341666666666666 0.08422619047619048 0.08319444444444446
3 0.6874761904761905 0.24507407407407408 0.08810714285714284 0.07921296296296294
7 0.607845238095238 0.33325925925925926 0.06776190476190472 0.0565925925925926
7 0.6843571428571429 0.34162037037037035 0.06486904761904763 0.06066666666666665
7 0.6820952380952381 0.38350925925925927 0.06890476190476204 0.06718518518518524
7 0.7600357142857143 0.38791666666666663 0.07289285714285716 0.06366666666666666
7 0.752095238095238 0.33743518518518517 0.08128571428571425 0.054935185185185226
7 0.37542857142857144 0.3896759259259259 0.08646428571428572 0.05624074074074075
7 0.38366666666666666 0.3301574074074074 0.07054761904761904 0.0694907407407407
7 0.23401190476190475 0.3440462962962963 0.07913095238095241 0.05758333333333328
7 0.24336904761904762 0.38791666666666663 0.06882142857142858 0.06366666666666666
7 0.23657142857142857 0.48909259259259263 0.0756190476190476 0.059731481481481476
1 0.18441666666666667 0.5446388888888889 0.05066666666666667 0.05974999999999998
1 0.3351904761904762 0.7749814814814815 0.055226190476190457 0.0673240740740741
5 0.3757261904761905 0.9059166666666668 0.11361904761904769 0.10703703703703706