1 0.4976266666666667 0.9469087136929462 0.0650666666666666 0.0710062240663901
1 0.5026933333333333 0.9061514522821577 0.08221333333333329 0.06383817427385888
3 0.27288 0.518941908713693 0.07972000000000003 0.07780082987551867
3 0.6979066666666666 0.2808921161825726 0.0955066666666665 0.06405601659751037
7 0.71696 0.3742427385892116 0.05686666666666679 0.051545643153527027
7 0.8137866666666667 0.3759751037344398 0.11085333333333347 0.06883817427385894
7 0.80616 0.4315352697095436 0.09561333333333338 0.05948132780082991
7 0.72648 0.438195020746888 0.08406666666666661 0.07930497925311208
7 0.37572000000000005 0.3868257261410788 0.07208000000000007 0.06549792531120331
7 0.19924 0.37349585062240664 0.08481333333333335 0.06846473029045644
7 0.18653333333333333 0.4448755186721992 0.08227999999999998 0.07626556016597509
0 0.3595466666666667 0.43721991701244817 0.10122666666666662 0.10046680497925313