1 0.49192857142857144 0.8470555555555556 0.05809523809523804 0.06337962962962967
1 0.4964523809523809 0.8106759259259259 0.07340476190476186 0.056981481481481445
5 0.7370833333333333 0.9314814814814815 0.10179761904761904 0.09294444444444455
3 0.2912619047619048 0.46505555555555556 0.07117857142857145 0.06944444444444445
3 0.67075 0.25257407407407406 0.08527380952380938 0.05717592592592593
7 0.6877619047619048 0.3358981481481481 0.05077380952380963 0.04600925925925931
7 0.7742142857142857 0.33744444444444444 0.09897619047619059 0.061444444444444454
7 0.7674047619047619 0.387037037037037 0.08536904761904766 0.05309259259259262
7 0.6962619047619047 0.3929814814814815 0.07505952380952376 0.07078703703703708
7 0.38308333333333333 0.3471296296296296 0.06435714285714293 0.05846296296296295
7 0.22551190476190477 0.3352314814814815 0.07572619047619049 0.06111111111111111
7 0.21416666666666667 0.39894444444444443 0.07346428571428569 0.06807407407407405
0 0.36864285714285716 0.39211111111111113 0.09038095238095233 0.08967592592592595