1 0.48882951653944023 0.850612648221344 0.062086513994910886 0.06763833992094866
1 0.49366412213740457 0.811788537549407 0.07844783715012718 0.06081027667984186
5 0.7508269720101781 0.9407114624505929 0.10879134860050889 0.09918972332015821
3 0.2743765903307888 0.4429446640316205 0.07606870229007637 0.0741106719367589
3 0.6799363867684478 0.2161857707509881 0.09113231552162834 0.061017786561264824
7 0.698117048346056 0.3051086956521739 0.05426208651399503 0.04910079051383404
7 0.7905089058524174 0.3067588932806324 0.10577608142493651 0.06557312252964428
7 0.7832315521628499 0.35968379446640314 0.09123409669211201 0.05666007905138343
7 0.7072010178117049 0.36602766798418973 0.0802162849872773 0.07554347826086961
7 0.37250636132315523 0.31709486166007905 0.06877862595419855 0.062391304347826075
7 0.20410941475826974 0.304397233201581 0.08092875318066159 0.06521739130434782
7 0.1919847328244275 0.3723913043478261 0.07851145038167937 0.0726482213438735
0 0.35707379134860057 0.365098814229249 0.09659033078880402 0.095701581027668