5 0.6225786924939467 0.9211770244821091 0.1017191283292978 0.1052730696798495
3 0.5309200968523002 0.44193032015065914 0.05676755447941887 0.06296610169491526
3 0.5591767554479419 0.36614877589453865 0.0804237288135594 0.07065913370998113
3 0.568680387409201 0.2760357815442561 0.07870460048426149 0.07338041431261776
3 0.5756053268765133 0.20431261770244824 0.0717796610169491 0.06981167608286251
3 0.5735835351089588 0.12271186440677966 0.07927360774818404 0.0734274952919021
7 0.40151331719128325 0.09403954802259887 0.07121065375302656 0.07001883239171376
7 0.4153510895883777 0.19131826741996233 0.06428571428571431 0.07453860640301316
7 0.41794188861985476 0.2565442561205273 0.07292978208232447 0.05976459510357818
7 0.42024213075060535 0.35383239171374764 0.0706295399515739 0.05352165725047084
7 0.45453995157384985 0.42488700564971754 0.07349878934624701 0.059378531073446275