5 0.36275125628140703 0.925087890625 0.10555276381909545 0.10917968750000018
3 0.4578643216080402 0.428056640625 0.05890703517587938 0.065302734375
3 0.4285427135678392 0.349462890625 0.08345477386934681 0.07328124999999996
3 0.41868090452261303 0.256005859375 0.08167085427135677 0.07610351562500006
3 0.41149497487437187 0.18162109375000002 0.07448492462311553 0.07240234374999999
3 0.4135929648241206 0.0969921875 0.08226130653266334 0.07615234375000002
7 0.5921482412060302 0.067255859375 0.07389447236180896 0.07261718750000001
7 0.5777889447236181 0.16814453125 0.06670854271356787 0.07730468749999997
7 0.5751005025125627 0.235791015625 0.075678391959799 0.06198242187500003
7 0.572713567839196 0.336689453125 0.0732914572864322 0.05550781250000003
7 0.5371231155778895 0.410380859375 0.07626884422110557 0.06158203124999995