5 0.3723214285714286 0.9076759259259259 0.1000238095238095 0.10351851851851858
3 0.46245238095238095 0.4364166666666667 0.05582142857142856 0.06191666666666667
3 0.43466666666666665 0.3618981481481482 0.07908333333333341 0.06948148148148145
3 0.4253214285714286 0.273287037037037 0.07739285714285714 0.07215740740740746
3 0.41851190476190475 0.20275925925925928 0.07058333333333329 0.06864814814814817
3 0.42050000000000004 0.12251851851851851 0.07795238095238097 0.07220370370370371
7 0.589702380952381 0.09432407407407407 0.07002380952380952 0.06885185185185186
7 0.5760952380952381 0.1899814814814815 0.06321428571428574 0.07329629629629626
7 0.573547619047619 0.2541203703703704 0.07171428571428573 0.058768518518518546
7 0.5712857142857143 0.349787037037037 0.06945238095238099 0.05262962962962966
7 0.5375595238095239 0.4196574074074074 0.07227380952380957 0.05838888888888884