5 0.4941904761904762 0.9182592592592593 0.12158333333333332 0.09823148148148152
7 0.1557857142857143 0.4461018518518518 0.07234523809523809 0.0791481481481481
7 0.21475 0.3892407407407407 0.06823809523809524 0.07160185185185189
7 0.3094047619047619 0.31826851851851856 0.08300000000000003 0.08656481481481482
7 0.37855952380952385 0.26889814814814816 0.06714285714285712 0.07420370370370369
3 0.5843214285714285 0.22303703703703703 0.09099999999999993 0.061592592592592574
3 0.6390238095238094 0.2821111111111111 0.1006428571428571 0.06862037037037039
3 0.7161071428571428 0.34735185185185186 0.08932142857142854 0.07212962962962961
3 0.78725 0.3951851851851852 0.10690476190476185 0.07519444444444448
3 0.841952380952381 0.4762962962962963 0.10295238095238098 0.08399074074074077
1 0.4227738095238095 0.28917592592592595 0.10116666666666668 0.05481481481481486
1 0.35560714285714284 0.3429537037037037 0.04842857142857137 0.053064814814814766
1 0.4173809523809524 0.37226851851851855 0.04051190476190473 0.05528703703703707
1 0.35361904761904767 0.4994537037037037 0.042202380952381005 0.057527777777777823
1 0.4315595238095238 0.5223796296296296 0.05978571428571432 0.059305555555555514
1 0.48427380952380955 0.4873333333333334 0.05639285714285715 0.052675925925925966
1 0.4179523809523809 0.45491666666666664 0.05584523809523806 0.07033333333333332