7 0.8758938547486034 0.5030260303687635 0.08487430167597763 0.09271149674620392
7 0.8067178770949721 0.43642082429501083 0.08005586592178762 0.08387201735357921
7 0.6956703910614526 0.35328633405639914 0.09737430167597769 0.10139913232104122
7 0.6145391061452514 0.2954555314533623 0.07877094972067036 0.08691973969631235
3 0.3731424581005587 0.2417353579175705 0.10675977653631277 0.07214750542299347
3 0.3089664804469274 0.31093275488069416 0.11807262569832397 0.08037960954446856
3 0.21853351955307265 0.38735357917570495 0.10479050279329605 0.08449023861171365
3 0.1350698324022347 0.4433839479392625 0.12541899441340776 0.08808026030368768
3 0.07089385474860334 0.5383947939262472 0.12078212290502796 0.09838394793926251
1 0.5626675977653631 0.31920824295010847 0.11868715083798885 0.0642082429501085
1 0.6414664804469274 0.38220173535791757 0.05681564245810049 0.062158351409978246
1 0.5689944134078212 0.4165401301518438 0.04752793296089382 0.0647613882863341
1 0.6437988826815643 0.5655206073752711 0.049511173184357604 0.06738611713665955
1 0.5523603351955307 0.5923752711496746 0.07013966480446931 0.06946854663774399
1 0.4905167597765363 0.5513232104121476 0.06615921787709497 0.06170281995661616
1 0.5683240223463687 0.513351409978308 0.06551675977653627 0.08238611713665947