5 0.49403422982885087 0.9398479087452472 0.12485330073349633 0.10084600760456287
7 0.1465281173594132 0.4551235741444867 0.07429095354523226 0.08125475285171105
7 0.20707823960880195 0.3967490494296578 0.07007334963325182 0.07350760456273768
7 0.30427872860635696 0.3238878326996198 0.08523227383863084 0.08886882129277568
7 0.37529339853300736 0.27320342205323195 0.0689486552567237 0.07617870722433459
3 0.5865892420537897 0.2261216730038023 0.09344743276283611 0.06323193916349808
3 0.6427628361858191 0.2867680608365019 0.1033496332518337 0.07044676806083651
3 0.7219193154034229 0.353745247148289 0.09172371638141806 0.07404942965779465
3 0.7949755501222493 0.402851711026616 0.10977995110024444 0.07719581749049433
3 0.8511491442542788 0.48612167300380227 0.10572127139364305 0.0862262357414449
1 0.42069682151589244 0.29402091254752855 0.10388753056234722 0.056273764258555174
1 0.3517237163814181 0.34923003802281366 0.04973105134474322 0.054477186311787024
1 0.415158924205379 0.3793250950570342 0.041601466992665 0.05675855513307988
1 0.3496821515892421 0.5098954372623574 0.04333740831295849 0.059058935361216834
1 0.42971882640586795 0.5334315589353612 0.06139364303178487 0.060884030418250905
1 0.4838508557457213 0.4974524714828898 0.05790953545232275 0.05407794676806093
1 0.41574572127139364 0.4641730038022813 0.05734718826405864 0.07220532319391638