5 0.2663316582914573 0.95654296875 0.12060301507537688 0.0869140625
7 0.3817211055276382 0.3212109375 0.06368090452261313 0.06247070312500003
7 0.29677135678391964 0.31771484375 0.08228643216080402 0.07283203125000004
3 0.30006281407035174 0.22681640625 0.07810301507537691 0.072392578125
3 0.3748366834170854 0.219853515625 0.10256281407035174 0.08103515625000002
3 0.3009673366834171 0.27123046875 0.08878140703517583 0.07036132812499996
3 0.8291457286432161 0.794296875 0.0733417085427137 0.08448242187499999
3 0.8874623115577889 0.8321875 0.07515075376884414 0.07845703124999992
3 0.9780150753768844 0.89501953125 0.04396984924623116 0.0751953125
0 0.2034673366834171 0.78755859375 0.08996231155778896 0.08402343749999996
0 0.12659547738693466 0.840791015625 0.08934673366834171 0.10309570312499994
0 0.04704773869346734 0.877763671875 0.08334170854271357 0.09892578124999996
0 0.0037688442211055275 0.90869140625 0.007537688442211055 0.0869140625