5 0.27313095238095236 0.9279537037037038 0.11473809523809524 0.08412962962962964
7 0.38196428571428576 0.324 0.06034523809523816 0.05923148148148151
7 0.30146428571428574 0.3206851851851852 0.0779761904761905 0.06905555555555559
3 0.3045833333333333 0.2345 0.07401190476190478 0.06863888888888889
3 0.3754404761904762 0.22789814814814816 0.09719047619047617 0.07683333333333335
3 0.3054404761904762 0.27661111111111114 0.08413095238095236 0.06671296296296292
3 0.805952380952381 0.7725555555555556 0.06950000000000013 0.08010185185185184
3 0.8612142857142857 0.8084814814814815 0.07121428571428563 0.07438888888888881
3 0.9601309523809524 0.8684444444444444 0.06726190476190476 0.07087962962962958
0 0.21304761904761907 0.7661666666666667 0.08525000000000002 0.07966666666666664
0 0.14020238095238094 0.8166388888888889 0.08466666666666665 0.09774999999999993
0 0.06482142857142857 0.8516944444444445 0.07897619047619048 0.09379629629629625
0 0.013892857142857144 0.8812222222222222 0.02777380952380952 0.08234259259259265