5 0.25482800982800985 0.9485564053537285 0.11840294840294839 0.08686424474187393
7 0.3671375921375922 0.3249713193116635 0.06227272727272734 0.06115678776290633
7 0.2840663390663391 0.32154875717017206 0.08046683046683047 0.07130019120458896
3 0.2872850122850123 0.23256214149139579 0.07637592137592139 0.0708699808795411
3 0.3604054054054054 0.22574569789674953 0.10029484029484027 0.07933078393881456
3 0.28816953316953314 0.27604206500956024 0.08681818181818177 0.06888145315487568
3 0.8046683046683046 0.7881070745697897 0.07171990171990185 0.08270554493307838
3 0.8616953316953316 0.8252007648183556 0.07348894348894341 0.07680688336520068
3 0.9637714987714988 0.887112810707457 0.06941031941031942 0.07318355640535369
0 0.19282555282555283 0.7815105162523901 0.08797297297297299 0.08225621414913954
0 0.11765356265356264 0.8336233269598471 0.08737100737100738 0.1009273422562141
0 0.03992628992628992 0.8695028680688337 0.07985257985257985 0.0965583173996176