7 0.5151666666666667 0.7516203703703703 0.0864404761904762 0.08759259259259251
7 0.6557380952380953 0.6096666666666667 0.08420238095238097 0.10164814814814813
7 0.5911190476190477 0.49415740740740743 0.07905952380952377 0.0694351851851852
7 0.5378333333333333 0.39981481481481485 0.06092857142857137 0.060648148148148145
7 0.5055238095238095 0.3184814814814815 0.050726190476190494 0.06464814814814819
7 0.5758214285714286 0.3191481481481482 0.06719047619047612 0.06363888888888891
3 0.33009523809523805 0.6634537037037037 0.11304761904761906 0.08403703703703704
3 0.44061904761904763 0.48577777777777775 0.07398809523809521 0.0632685185185185
3 0.49702380952380953 0.5527962962962962 0.061499999999999964 0.051379629629629636
3 0.4783214285714286 0.3175925925925926 0.05073809523809524 0.05759259259259263
3 0.5777976190476191 0.23891666666666664 0.08022619047619053 0.07595370370370368