7 0.4839949748743719 0.786865234375 0.09121859296482414 0.09238281249999991
7 0.3356532663316582 0.6371484375 0.08885678391959802 0.10720703124999997
7 0.4038442211055276 0.515322265625 0.083429648241206 0.07323242187500001
7 0.4600753768844221 0.4158203125 0.06429648241206024 0.06396484375
7 0.4941708542713568 0.3300390625 0.05353015075376886 0.06818359375000005
7 0.4199874371859296 0.3307421875 0.07090452261306525 0.06711914062500002
3 0.6792964824120603 0.693876953125 0.11929648241206035 0.08863281249999999
3 0.5626633165829146 0.506484375 0.07807788944723615 0.06672851562499993
3 0.503140703517588 0.57716796875 0.06489949748743715 0.05418945312500001
3 0.5228768844221106 0.3291015625 0.053542713567839205 0.060742187500000044
3 0.41790201005025124 0.24612304687499997 0.08466080402010062 0.08010742187499997