7 0.45761306532663315 0.791748046875 0.09121859296482414 0.09238281249999991
7 0.30927135678391954 0.64203125 0.08885678391959802 0.10720703124999997
7 0.3774623115577889 0.520205078125 0.083429648241206 0.07323242187500001
7 0.43369346733668346 0.420703125 0.06429648241206024 0.06396484375
7 0.4677889447236181 0.334921875 0.05353015075376886 0.06818359375000005
7 0.39360552763819096 0.335625 0.07090452261306525 0.06711914062500002
3 0.6529145728643216 0.698759765625 0.11929648241206035 0.08863281249999999
3 0.5362814070351759 0.5113671875 0.07807788944723615 0.06672851562499993
3 0.47675879396984927 0.58205078125 0.06489949748743715 0.05418945312500001
3 0.49649497487437183 0.333984375 0.053542713567839205 0.060742187500000044
3 0.3915201005025125 0.251005859375 0.08466080402010062 0.08010742187499997