3 0.6484939759036145 0.23575842696629212 0.07368674698795163 0.059868913857677904
3 0.5739156626506025 0.23441947565543073 0.07598795180722898 0.07323970037453185
3 0.6473373493975904 0.2856928838951311 0.06450602409638549 0.0563202247191011
3 0.26155421686746994 0.4865168539325843 0.060566265060240945 0.06397003745318346
3 0.21967469879518078 0.5484831460674157 0.06631325301204814 0.06309925093632968
3 0.2727349397590362 0.6113389513108614 0.0588433734939758 0.055093632958801424
3 0.3585060240963855 0.6068820224719101 0.06169879518072294 0.05866104868913866
0 0.6743012048192772 0.6151310861423221 0.07024096385542163 0.06088951310861421
0 0.7454457831325302 0.5823595505617978 0.09040963855421683 0.052799625468164885
0 0.7339759036144579 0.5027808988764045 0.08580722891566268 0.07288389513108606
7 0.5767831325301205 0.3275936329588015 0.0748433734939759 0.07951310861423218
1 0.6249638554216868 0.7361610486891386 0.0541807228915663 0.05156367041198496
1 0.5139638554216868 0.6418820224719101 0.06280722891566265 0.07160112359550565
1 0.40038554216867467 0.6637265917602997 0.06283132530120479 0.07071161048689137
1 0.34789156626506024 0.688689138576779 0.06456626506024087 0.06358614232209746
1 0.44054216867469875 0.5874812734082396 0.07714457831325298 0.08177902621722839
1 0.32150602409638557 0.5395692883895131 0.0530963855421686 0.05417602996254672
1 0.2681566265060242 0.4840543071161049 0.05655421686746995 0.06219101123595512
5 0.8644698795180723 0.9182771535580525 0.09601204819277115 0.08060861423220987