3 0.274116847826087 0.22387949260042284 0.08309782608695648 0.06758985200845666
3 0.35822010869565213 0.2223678646934461 0.08569293478260877 0.0826849894291755
3 0.2754211956521739 0.2802536997885835 0.07274456521739125 0.06358350951374205
3 0.7104755434782608 0.5069767441860465 0.06830163043478259 0.07221987315010564
3 0.757703804347826 0.5769344608879492 0.07478260869565212 0.07123678646934471
3 0.697866847826087 0.6478964059196617 0.0663586956521738 0.062198731501056995
3 0.6011413043478262 0.6428646934460888 0.06957880434782614 0.0662262156448204
0 0.24501358695652173 0.6521775898520085 0.07921195652173907 0.06874207188160673
0 0.16478260869565217 0.6151797040169134 0.10195652173913046 0.059608879492600526
0 0.17771739130434785 0.5253382663847781 0.09676630434782613 0.0822832980972515
7 0.3549864130434782 0.3275581395348837 0.08440217391304349 0.08976744186046508
1 0.30065217391304344 0.7888160676532769 0.0611005434782609 0.05821353065539105
1 0.4258288043478261 0.6823784355179704 0.07082880434782608 0.08083509513742075
1 0.5539130434782609 0.7070401691331925 0.07085597826086953 0.07983086680761098
1 0.6131114130434783 0.7352219873150105 0.07281249999999989 0.07178646934460897
1 0.5086277173913044 0.6209619450317124 0.08699728260869562 0.09232558139534876
1 0.6428668478260869 0.5668710359408033 0.059877717391304264 0.061162790697674316
1 0.7030298913043478 0.5041966173361523 0.06377717391304355 0.07021141649048633
5 0.042119565217391304 0.9741014799154334 0.08423913043478261 0.05179704016913319