3 0.34851190476190474 0.2340648148148148 0.07280952380952377 0.0592037037037037
3 0.42220238095238094 0.23274074074074075 0.07508333333333339 0.07242592592592595
3 0.34965476190476186 0.28344444444444444 0.06373809523809519 0.05569444444444442
3 0.730845238095238 0.48203703703703704 0.059845238095238076 0.0632592592592592
3 0.7722261904761905 0.5433148148148148 0.06552380952380948 0.062398148148148244
3 0.7197976190476191 0.6054722222222222 0.058142857142857045 0.05448148148148141
3 0.6350476190476191 0.6010648148148148 0.060964285714285756 0.058009259259259344
0 0.3230119047619047 0.6092222222222222 0.06940476190476189 0.06021296296296294
0 0.2527142857142857 0.5768148148148149 0.08933333333333336 0.05221296296296306
0 0.2640476190476191 0.4981203703703704 0.08478571428571431 0.07207407407407405
7 0.4193690476190476 0.32487962962962963 0.07395238095238096 0.07862962962962959
1 0.37176190476190474 0.7289074074074074 0.05353571428571432 0.050990740740740684
1 0.4814404761904762 0.6356759259259259 0.06205952380952381 0.07080555555555558
1 0.5936666666666667 0.6572777777777777 0.0620833333333333 0.0699259259259259
1 0.6455357142857143 0.681962962962963 0.06379761904761895 0.0628796296296297
1 0.5539880952380952 0.5818796296296296 0.07622619047619045 0.0808703703703703
1 0.6716071428571428 0.5345 0.05246428571428564 0.05357407407407398
1 0.7243214285714286 0.4796018518518519 0.05588095238095245 0.06150000000000001
5 0.13510714285714284 0.909 0.0948690476190476 0.079712962962963