0 0.6269134078212291 0.1762581344902386 0.08210893854748598 0.0824945770065076
0 0.7027374301675977 0.176529284164859 0.08548882681564252 0.08739696312364423
0 0.7788826815642458 0.1850433839479393 0.09681564245810047 0.09204989154013016
7 0.7120391061452515 0.3515835140997831 0.05090782122905034 0.05957700650759214
3 0.5550977653631285 0.2506182212581345 0.07414804469273747 0.0576789587852494
3 0.5474581005586593 0.2981344902386117 0.08878491620111739 0.07040130151843814
3 0.6265921787709497 0.30484815618221256 0.08215083798882673 0.06317787418655098
3 0.7905167597765363 0.29735357917570504 0.05358938547486018 0.05026030368763561
3 0.625586592178771 0.23511930585683297 0.07146648044692731 0.057689804772234274
3 0.7133659217877095 0.2532104121475054 0.08016759776536325 0.07348156182212581
3 0.8074720670391061 0.2552711496746204 0.07155027932960896 0.06315618221258136