0 0.4001604938271605 0.1456826923076923 0.0725802469135802 0.07313461538461538
0 0.3331358024691358 0.1459230769230769 0.07556790123456794 0.07748076923076921
0 0.2658271604938272 0.15347115384615387 0.08558024691358017 0.08160576923076923
7 0.3249135802469135 0.3011153846153846 0.045000000000000054 0.05281730769230764
3 0.463641975308642 0.21160576923076924 0.06554320987654325 0.051134615384615334
3 0.470395061728395 0.2537307692307692 0.07848148148148154 0.06241346153846151
3 0.40044444444444444 0.2596826923076923 0.0726172839506172 0.05600961538461539
3 0.2555432098765432 0.25303846153846155 0.047370370370370236 0.04455769230769234
3 0.4013333333333333 0.1978653846153846 0.06317283950617279 0.05114423076923077
3 0.3237407407407408 0.21390384615384614 0.07086419753086431 0.06514423076923077
3 0.24055555555555558 0.21573076923076925 0.06324691358024694 0.055990384615384636