0 0.5831785714285714 0.17454629629629628 0.0699880952380952 0.07042592592592593
0 0.6478095238095237 0.17477777777777778 0.07286904761904767 0.0746111111111111
0 0.7127142857142856 0.18204629629629632 0.08252380952380944 0.07858333333333334
7 0.6557380952380953 0.32422222222222224 0.0433928571428572 0.050861111111111065
3 0.5219642857142857 0.23802777777777778 0.063202380952381 0.049240740740740724
3 0.515452380952381 0.2785925925925926 0.07567857142857148 0.06010185185185182
3 0.5829047619047619 0.28432407407407406 0.07002380952380952 0.05393518518518518
3 0.7226309523809523 0.27792592592592597 0.0456785714285713 0.042907407407407436
3 0.582047619047619 0.2247962962962963 0.06091666666666662 0.049249999999999995
3 0.6568690476190476 0.24024074074074073 0.06833333333333344 0.06273148148148149
3 0.7370833333333333 0.24200000000000002 0.06098809523809526 0.05391666666666668