3 0.5431944444444444 0.24677799607072692 0.06343434343434344 0.059999999999999984
3 0.549810606060606 0.2886345776031434 0.07185606060606056 0.06889980353634577
3 0.6141414141414141 0.2961198428290766 0.07306818181818169 0.07077603143418464
3 0.7791666666666667 0.29564833005893915 0.07130050505050509 0.054872298624754436
3 0.6258585858585858 0.24607072691552062 0.054974747474747426 0.05925343811394897
3 0.6751515151515152 0.25846758349705307 0.06286616161616157 0.05345776031434181
3 0.7536111111111111 0.24818271119842833 0.07550505050505045 0.07403732809430257
0 0.6174368686868686 0.1768467583497053 0.08864898989898995 0.08360510805500984
0 0.6925883838383838 0.17708251473477407 0.06578282828282817 0.0700392927308448
0 0.7623358585858586 0.18971512770137525 0.07611111111111107 0.06185658153241653
7 0.6998106060606061 0.3328388998035363 0.09292929292929282 0.07874263261296657
5 0.6117424242424242 0.9651277013752456 0.09974747474747475 0.06974459724950884