3 0.5194125683060109 0.12363829787234043 0.06863387978142078 0.0649787234042553
3 0.5265710382513661 0.16896808510638295 0.07774590163934422 0.07461702127659572
3 0.5961748633879781 0.17707446808510638 0.07905737704918017 0.07664893617021272
3 0.7747267759562841 0.17656382978723406 0.07714480874316944 0.05942553191489363
3 0.6088524590163934 0.12287234042553191 0.05948087431693984 0.0641702127659575
3 0.6621857923497269 0.13629787234042554 0.06801912568306005 0.05789361702127655
3 0.7470765027322405 0.12515957446808515 0.08169398907103818 0.08018085106382979
0 0.5997404371584699 0.047904255319148936 0.09591530054644813 0.09054255319148938
0 0.681051912568306 0.048159574468085116 0.07117486338797802 0.07585106382978725
0 0.7565163934426229 0.06184042553191489 0.08234972677595624 0.06698936170212769
7 0.6888661202185792 0.21684042553191488 0.10054644808743157 0.08527659574468081
5 0.593879781420765 0.9071808510638298 0.10762295081967209 0.08569148936170232