3 0.5573928571428571 0.2353888888888889 0.05980952380952382 0.05655555555555554
3 0.5636309523809524 0.2748425925925926 0.06774999999999996 0.06494444444444443
3 0.6242857142857142 0.2818981481481481 0.06889285714285708 0.06671296296296292
3 0.7798809523809525 0.2814537037037037 0.06722619047619051 0.05172222222222223
3 0.6353333333333333 0.23472222222222222 0.05183333333333329 0.055851851851851875
3 0.6818095238095239 0.2464074074074074 0.05927380952380948 0.05038888888888888
3 0.7557857142857143 0.23671296296296299 0.07119047619047614 0.06978703703703706
0 0.6273928571428571 0.16947222222222222 0.08358333333333337 0.07880555555555557
0 0.6982499999999999 0.16969444444444445 0.06202380952380942 0.06601851851851853
0 0.7640119047619047 0.18160185185185185 0.07176190476190474 0.05830555555555558
7 0.7050595238095239 0.31650925925925927 0.08761904761904751 0.07422222222222219
5 0.6222857142857143 0.9173611111111111 0.09378571428571425 0.07458333333333339