5 0.5452142857142858 0.9169351851851851 0.10798809523809529 0.08500000000000006
3 0.4522380952380952 0.2904814814814815 0.05301190476190473 0.05362962962962959
3 0.4443095238095238 0.23560185185185184 0.06434523809523804 0.052333333333333315
3 0.5253690476190476 0.29181481481481486 0.05923809523809523 0.05481481481481486
3 0.5117619047619048 0.238462962962963 0.06999999999999995 0.05541666666666669
3 0.5772380952380952 0.2464074074074074 0.054154761904761914 0.05038888888888888
3 0.6580119047619047 0.23869444444444446 0.07286904761904767 0.05259259259259258
3 0.6619761904761904 0.27594444444444444 0.07853571428571432 0.05480555555555561
7 0.5846071428571429 0.3253240740740741 0.07342857142857137 0.06716666666666664
0 0.5179880952380953 0.16924999999999998 0.06886904761904765 0.06513888888888886
0 0.586297619047619 0.16462037037037036 0.059214285714285726 0.06910185185185184
0 0.6520595238095238 0.1675 0.08136904761904751 0.0706388888888889