5 0.560546875 0.9711538461538461 0.11848958333333333 0.057692307692307696
3 0.45947916666666666 0.3043724696356276 0.0579817708333333 0.058623481781376476
3 0.4508072916666667 0.24438259109311739 0.07037760416666661 0.057206477732793505
3 0.5394661458333333 0.3058299595141701 0.06479166666666665 0.05991902834008102
3 0.5245833333333333 0.2475101214574899 0.07656249999999994 0.0605769230769231
3 0.5961979166666667 0.25619433198380565 0.05923177083333334 0.05508097165991899
3 0.6845442708333334 0.24776315789473685 0.07970052083333339 0.05748987854251007
3 0.6888802083333333 0.2884817813765182 0.08589843750000004 0.05990890688259115
7 0.6042578125 0.3424595141700405 0.08031249999999994 0.07342105263157891
0 0.5313932291666666 0.17185222672064776 0.07532552083333337 0.07120445344129551
0 0.6061067708333333 0.1667914979757085 0.06476562500000001 0.07553643724696356
0 0.6780338541666667 0.16993927125506073 0.08899739583333321 0.07721659919028342