5 0.5091361256544503 0.9361405295315682 0.11873036649214665 0.09348268839103888
3 0.4069109947643979 0.24716904276985746 0.05828534031413609 0.05898167006109976
3 0.3981937172774869 0.18681262729124234 0.07074607329842926 0.05755600814663949
3 0.4873167539267016 0.24863543788187376 0.065130890052356 0.060285132382892105
3 0.47235602094240836 0.18995926680244402 0.07696335078534025 0.06094704684317721
3 0.5443455497382199 0.19869653767820775 0.05954188481675394 0.05541751527494904
3 0.6331544502617801 0.19021384928716906 0.08011780104712046 0.05784114052953152
3 0.6375130890052355 0.2311812627291242 0.08634816753926705 0.06027494908350311
7 0.5524476439790575 0.28548879837067215 0.08073298429319366 0.07386965376782073
0 0.4792015706806283 0.11383910386965376 0.07571989528795814 0.0716395112016293
0 0.5543062827225131 0.10874745417515275 0.06510471204188482 0.0759979633401222
0 0.626609947643979 0.11191446028513238 0.08946335078534019 0.07768839103869656