0 0.33976744186046515 0.12985915492957747 0.10060723514211888 0.08082494969818911
0 0.41543927648578816 0.1277162977867203 0.09503875968992255 0.0987927565392354
0 0.5046511627906977 0.1363380281690141 0.09382428940568475 0.08730382293762579
3 0.5009560723514213 0.18949698189134812 0.08643410852713175 0.07294768611670019
3 0.34808785529715763 0.189738430583501 0.08578811369509041 0.06384305835010058
3 0.3434754521963825 0.24098591549295778 0.06918604651162785 0.05907444668008051
3 0.26718346253229974 0.1971529175050302 0.08832041343669253 0.06883299798792752
3 0.2804134366925065 0.24554325955734405 0.06609819121447025 0.0758450704225352
3 0.1361627906976744 0.7820020120724346 0.09251937984496125 0.08368209255533206
3 0.044573643410852716 0.8314889336016097 0.08914728682170543 0.07545271629778671
3 0.807609819121447 0.7935010060362173 0.08958656330749343 0.07219315895372233
3 0.8737467700258398 0.8524144869215291 0.0717571059431524 0.057847082494969816
3 0.9617054263565892 0.8778068410462776 0.048397932816537516 0.08754527162977865
5 0.41452196382428935 0.9324044265593561 0.12271317829457366 0.07032193158953731