0 0.390452380952381 0.17785185185185187 0.09270238095238095 0.07438888888888887
0 0.46017857142857144 0.1758796296296296 0.08757142857142865 0.09092592592592591
0 0.5423809523809524 0.18381481481481482 0.08645238095238096 0.08035185185185188
3 0.5389761904761905 0.23274074074074075 0.07964285714285711 0.06713888888888889
3 0.39811904761904765 0.23296296296296296 0.07904761904761902 0.05875925925925924
3 0.3938690476190476 0.2801296296296297 0.06374999999999995 0.054370370370370395
3 0.32357142857142857 0.23978703703703705 0.0813809523809524 0.06335185185185184
3 0.33576190476190476 0.28432407407407406 0.060904761904761864 0.06980555555555554
3 0.20284523809523808 0.7780648148148147 0.08525000000000002 0.07701851851851858
3 0.11838095238095238 0.8243518518518518 0.08409523809523808 0.06910185185185196
3 0.05234523809523809 0.8675555555555556 0.07671428571428571 0.06206481481481479
3 0.8215357142857144 0.7886481481481482 0.08254761904761895 0.06644444444444443
3 0.8824761904761904 0.8428703703703704 0.06611904761904758 0.05324074074074074
3 0.9635238095238096 0.8662407407407408 0.04459523809523814 0.08057407407407406
5 0.4593333333333333 0.9164907407407407 0.11307142857142859 0.0647222222222223