0 0.3705778894472362 0.144609375 0.09782663316582915 0.07845703124999998
0 0.44415829145728647 0.142529296875 0.09241206030150761 0.09589843749999999
0 0.5309045226130653 0.1508984375 0.09123115577889448 0.08474609375000003
3 0.5273115577889448 0.2025 0.08404522613065324 0.07081054687499999
3 0.37866834170854274 0.202734375 0.08341708542713565 0.06197265624999998
3 0.3741834170854272 0.25248046875 0.06727386934673361 0.05734375000000003
3 0.3 0.20993164062500003 0.08587939698492464 0.06681640624999996
3 0.31286432160804023 0.256904296875 0.06427135678391956 0.07362304687499999
3 0.1726005025125628 0.777646484375 0.08996231155778896 0.08123046875000006
3 0.08346733668341708 0.82646484375 0.0887437185929648 0.0728808593750001
3 0.02701005025125628 0.87158203125 0.05402010050251256 0.0654296875
3 0.8254899497487438 0.78880859375 0.08711055276381899 0.07007812499999999
3 0.8897989949748744 0.84599609375 0.06977386934673362 0.05615234375
3 0.9753266331658291 0.87064453125 0.04706030150753773 0.08498046874999998
5 0.44326633165829143 0.923642578125 0.11932160804020103 0.06826171875000009