5 0.1583452380952381 0.9160555555555555 0.13682142857142857 0.09205555555555552
3 0.24394047619047618 0.28057407407407403 0.07448809523809523 0.0587777777777778
3 0.23854761904761904 0.2294259259259259 0.07459523809523806 0.06643518518518515
3 0.3094047619047619 0.23935185185185184 0.0625952380952381 0.05391666666666668
3 0.37714285714285717 0.23781481481481478 0.06657142857142852 0.054351851851851866
3 0.38366666666666666 0.29468518518518516 0.08415476190476197 0.0834722222222222
3 0.5826190476190476 0.2309814814814815 0.06719047619047626 0.06008333333333335
3 0.6523452380952381 0.24001851851851855 0.0706071428571428 0.05524074074074071
3 0.6469523809523811 0.27814814814814814 0.06436904761904755 0.05569444444444442
0 0.5083690476190476 0.1741111111111111 0.07284523809523816 0.06799999999999999
0 0.3845 0.1670462962962963 0.07059523809523804 0.05543518518518519