5 0.15329683698296837 0.9256521739130434 0.1398175182481752 0.0939697542533082
3 0.24076642335766424 0.27695652173913043 0.0761192214111922 0.06000000000000002
3 0.23525547445255474 0.22474480151228732 0.07622871046228706 0.06781663516068052
3 0.3076642335766423 0.23487712665406427 0.06396593673965942 0.05503780718336486
3 0.37688564476885644 0.23330812854442343 0.06802919708029193 0.055482041587901744
3 0.3835523114355231 0.2913610586011342 0.08599756690997573 0.0852079395085066
3 0.5868613138686131 0.22633270321361063 0.06866180048661807 0.061332703213610576
3 0.6581143552311436 0.2355576559546314 0.07215328467153279 0.056389413988657815
3 0.6526034063260341 0.2744801512287334 0.06577858880778581 0.056852551984877105
0 0.5109854014598539 0.1682797731568998 0.07444038929440396 0.06941398865784498
0 0.3844038929440389 0.16106805293005672 0.07214111922141114 0.05658790170132325