5 0.18365921787709497 0.9479392624728851 0.16061452513966482 0.10412147505422993
3 0.2847905027932961 0.20609544468546637 0.08738826815642457 0.06885032537960957
3 0.27846368715083797 0.14618221258134487 0.08751396648044689 0.07781995661605207
3 0.3615921787709497 0.15780911062906725 0.07343575418994419 0.06315618221258136
3 0.4410614525139665 0.15600867678958782 0.07810055865921782 0.06366594360086773
3 0.44871508379888264 0.22262472885032536 0.09872905027932968 0.09777657266811278
3 0.6821229050279329 0.14800433839479396 0.07882681564245818 0.07037960954446854
3 0.7639245810055866 0.158590021691974 0.08283519553072619 0.06470715835140994
3 0.7575977653631286 0.20325379609544467 0.07551675977653623 0.06523861171366592
0 0.5950139664804469 0.08138828633405638 0.08546089385474868 0.0796529284164859
0 0.44969273743016763 0.07311279826464208 0.08282122905027926 0.06493492407809111