0 0.5594973544973545 0.16758230452674897 0.08723544973544979 0.061100823045267476
0 0.3988888888888888 0.15925925925925927 0.08285714285714299 0.07898148148148146
3 0.32740740740740737 0.23640946502057616 0.05705026455026469 0.05696502057613169
3 0.26410052910052906 0.22906378600823046 0.07029100529100542 0.06578189300411523
3 0.2515079365079365 0.2878395061728395 0.06776455026455029 0.05992798353909465
3 0.5563359788359789 0.23224279835390949 0.0878571428571428 0.04472222222222225
3 0.5550793650793651 0.28881687242798354 0.06267195767195767 0.06384773662551435
3 0.6391666666666667 0.23370370370370372 0.07527777777777774 0.05813786008230452
3 0.7074867724867725 0.2726543209876543 0.11050264550264545 0.05502057613168726
3 0.7191534391534392 0.23125514403292177 0.09670634920634938 0.05912551440329221
5 0.9298941798941799 0.9753086419753086 0.08994708994708994 0.04938271604938271