0 0.4905 0.1813796296296296 0.07851190476190481 0.05499074074074073
0 0.6350476190476191 0.1738888888888889 0.07457142857142862 0.07108333333333332
3 0.6993809523809524 0.24332407407407408 0.05134523809523823 0.051268518518518526
3 0.756357142857143 0.23671296296296296 0.06326190476190488 0.0592037037037037
3 0.7676904761904763 0.2896111111111111 0.06098809523809526 0.05393518518518518
3 0.4933452380952381 0.23957407407407408 0.07907142857142853 0.04025000000000002
3 0.4944761904761905 0.29049074074074077 0.0564047619047619 0.05746296296296291
3 0.4187976190476191 0.2408888888888889 0.06774999999999996 0.052324074074074065
3 0.3573095238095238 0.27594444444444444 0.0994523809523809 0.04951851851851854
3 0.3468095238095238 0.23868518518518517 0.0870357142857143 0.05321296296296299
5 0.1575 0.9206666666666667 0.08070238095238097 0.0679722222222223