0 0.5436772486772486 0.14391975308641974 0.08723544973544979 0.061100823045267476
0 0.7042857142857144 0.13559670781893005 0.08285714285714299 0.07898148148148146
3 0.7757671957671958 0.21274691358024694 0.05705026455026469 0.05696502057613169
3 0.8390740740740741 0.20540123456790124 0.07029100529100542 0.06578189300411523
3 0.8516666666666667 0.26417695473251024 0.06776455026455029 0.05992798353909465
3 0.5468386243386244 0.20858024691358026 0.0878571428571428 0.04472222222222225
3 0.5480952380952381 0.26515432098765435 0.06267195767195767 0.06384773662551435
3 0.46400793650793654 0.2100411522633745 0.07527777777777774 0.05813786008230452
3 0.39568783068783064 0.24899176954732508 0.11050264550264545 0.05502057613168726
3 0.384021164021164 0.20759259259259255 0.09670634920634923 0.05912551440329221
5 0.17328042328042328 0.963477366255144 0.08994708994708994 0.07304526748971193