5 0.15663095238095237 0.9160370370370371 0.0978452380952381 0.061361111111111095
1 0.24195238095238097 0.6724814814814815 0.04103571428571432 0.047444444444444456
1 0.22267857142857145 0.6550648148148148 0.04965476190476188 0.052629629629629554
1 0.3193214285714286 0.5117870370370371 0.03255952380952384 0.057083333333333416
1 0.24846428571428572 0.5849722222222222 0.050214285714285725 0.05000925925925925
1 0.29070238095238093 0.5984259259259259 0.05239285714285713 0.05800000000000009
1 0.2872976190476191 0.4923888888888889 0.036035714285714296 0.06590740740740747
1 0.28473809523809523 0.40377777777777774 0.04114285714285718 0.04212962962962963
1 0.37459523809523815 0.36433333333333334 0.03426190476190473 0.04999074074074075
1 0.323 0.3436018518518518 0.03942857142857143 0.061990740740740784
7 0.1328333333333333 0.5710925925925926 0.05178571428571427 0.05975925925925923
7 0.1254642857142857 0.495037037037037 0.06271428571428571 0.055324074074074074
7 0.2997619047619048 0.3367685185185185 0.06097619047619051 0.06155555555555557
7 0.2442142857142857 0.3760092592592592 0.05872619047619046 0.06594444444444447
7 0.16145238095238096 0.43596296296296294 0.06327380952380951 0.06416666666666662
1 0.2453452380952381 0.3819722222222222 0.03151190476190473 0.07292592592592592
7 0.7047738095238095 0.3246574074074074 0.09839285714285725 0.0658425925925926
7 0.7747738095238095 0.38262962962962965 0.09783333333333341 0.06895370370370373
7 0.8286309523809523 0.443462962962963 0.0649761904761904 0.0636851851851852
7 0.8906904761904761 0.5215000000000001 0.059880952380952326 0.061064814814814856
7 0.8413809523809523 0.5732962962962963 0.07007142857142845 0.055351851851851826
3 0.48823809523809525 0.295787037037037 0.0756666666666666 0.06803703703703705
3 0.4698095238095238 0.238462962962963 0.06094047619047625 0.04483333333333332
3 0.5446428571428571 0.23649074074074075 0.047904761904761915 0.057
3 0.6251309523809524 0.22965740740740742 0.06379761904761902 0.057435185185185214
3 0.622297619047619 0.27594444444444444 0.0762619047619047 0.06010185185185182
3 0.8082142857142857 0.23671296296296293 0.06496428571428564 0.053916666666666654
3 0.8983452380952381 0.2411203703703704 0.08879761904761894 0.05567592592592592
3 0.8753928571428572 0.28521296296296295 0.04967857142857145 0.04512962962962964
0 0.7410357142857144 0.17630555555555555 0.09659523809523822 0.0739537037037037
0 0.6166190476190476 0.17277777777777778 0.0756428571428571 0.07748148148148148