5 0.12313802083333332 0.9193522267206479 0.10701822916666666 0.06707489878542508
1 0.21645833333333334 0.6531174089068825 0.044882812500000036 0.05186234817813766
1 0.1953776041666667 0.6340789473684211 0.05430989583333331 0.057530364372469556
1 0.30108072916666667 0.4774595141700405 0.035611979166666696 0.06239878542510131
1 0.2235807291666667 0.5574595141700405 0.05492187500000001 0.054665991902834
1 0.26977864583333333 0.572165991902834 0.057304687499999986 0.0634008097165993
1 0.26605468750000005 0.4562550607287449 0.03941406249999998 0.07204453441295552
1 0.2632552083333333 0.3593927125506073 0.045000000000000075 0.046052631578947366
1 0.36153645833333337 0.3162753036437247 0.0374739583333333 0.05464574898785426
1 0.3051041666666667 0.29361336032388663 0.043125000000000004 0.06776315789473689
7 0.09710937499999998 0.5422874493927126 0.056640625 0.06532388663967607
7 0.08904947916666665 0.45914979757085017 0.06859375000000001 0.06047570850202429
7 0.27968750000000003 0.28614372469635624 0.06669270833333336 0.06728744939271257
7 0.21893229166666664 0.3290384615384615 0.06423177083333331 0.07208502024291501
7 0.12841145833333334 0.39457489878542507 0.06920572916666663 0.07014170040485826
1 0.22016927083333335 0.3355566801619433 0.034466145833333295 0.07971659919028339
7 0.7226692708333333 0.27290485829959515 0.10761718750000011 0.07197368421052633
7 0.7992317708333333 0.3362753036437247 0.10700520833333342 0.07537449392712553
7 0.8581380208333332 0.4027732793522268 0.07106770833333324 0.06961538461538459
7 0.9260156249999999 0.48807692307692313 0.06549479166666661 0.06675101214574904
7 0.8720833333333333 0.5446963562753037 0.07664062499999987 0.0605060728744939
3 0.48583333333333334 0.24134615384615382 0.0827604166666666 0.07437246963562755
3 0.4656770833333333 0.1786842105263158 0.0666536458333334 0.04900809716599186
3 0.5475260416666666 0.17652834008097165 0.05239583333333334 0.06230769230769231
3 0.6355598958333334 0.1690587044534413 0.06977864583333322 0.06278340080971663
3 0.6324609375 0.2196558704453441 0.08341145833333326 0.06569838056680159
3 0.8358072916666667 0.17677125506072872 0.07105468749999992 0.05893724696356277
3 0.9343880208333334 0.18158906882591094 0.09712239583333322 0.06086032388663967
3 0.9092838541666667 0.22978744939271253 0.05433593750000002 0.04933198380566803
0 0.7623307291666667 0.11073886639676113 0.10565104166666679 0.08084008097165993
0 0.6262500000000001 0.1068825910931174 0.08273437499999996 0.08469635627530366