5 0.8341902313624678 0.973 0.10539845758354756 0.054
1 0.7413367609254499 0.71628 0.04430591259640106 0.05124000000000001
1 0.762146529562982 0.69747 0.0536118251928021 0.05683999999999992
1 0.6578020565552699 0.54273 0.0351542416452441 0.061650000000000094
1 0.734305912596401 0.6217699999999999 0.05421593830334198 0.05400999999999999
1 0.6887017994858611 0.6363 0.05656812339331618 0.0626400000000001
1 0.6923778920308483 0.52178 0.03890745501285345 0.07118000000000006
1 0.6951413881748071 0.42607999999999996 0.04442159383033412 0.0455
1 0.5981233933161954 0.38348000000000004 0.03699228791773775 0.05399000000000001
1 0.6538303341902314 0.36108999999999997 0.042570694087403604 0.06695000000000005
7 0.8591516709511569 0.60678 0.055912596401028275 0.06453999999999996
7 0.867107969151671 0.52464 0.06771208226221088 0.05975
7 0.6789203084832905 0.35370999999999997 0.0658354755784062 0.06648000000000001
7 0.7388946015424165 0.39609 0.06340616966580967 0.07122000000000003
7 0.8282519280205656 0.46083999999999997 0.06831619537275047 0.06929999999999996
1 0.7376735218508997 0.40253 0.03402313624678667 0.07876
7 0.2416323907455013 0.34063 0.10623393316195384 0.07111000000000002
7 0.16605398457583553 0.40324 0.10562982005141397 0.07447000000000002
7 0.10790488431876613 0.4689400000000001 0.07015424164524413 0.06877999999999997
7 0.04089974293059132 0.55322 0.06465295629820046 0.06595000000000005
7 0.09413881748071981 0.6091599999999999 0.0756555269922878 0.05977999999999997
3 0.4754241645244216 0.30945 0.08169665809768631 0.07348000000000002
3 0.4953213367609255 0.24754 0.06579691516709518 0.048419999999999956
3 0.41452442159383035 0.24541 0.051722365038560425 0.061560000000000004
3 0.32762210796915164 0.23803 0.06888174807197933 0.06203000000000003
3 0.33068123393316196 0.28802 0.0823393316195372 0.06490999999999997
3 0.12994858611825197 0.24564999999999998 0.07014138817480711 0.05823000000000002
3 0.04048843187660668 0.25 0.08097686375321336 0.06
3 0.05741645244215933 0.29802999999999996 0.053637532133676113 0.04874000000000001
0 0.20248071979434443 0.18041 0.10429305912596414 0.07987000000000001
0 0.33681233933161947 0.1766 0.08167095115681229 0.08368