7 0.5158679706601467 0.7312927756653993 0.06722493887530563 0.05868821292775666
7 0.46464547677261614 0.4479847908745247 0.07886308068459656 0.05497148288973388
7 0.5400244498777507 0.43462927756653996 0.05035452322738393 0.07351711026615973
7 0.6896210268948656 0.43282319391634977 0.07250611246943758 0.07171102661596952
7 0.7713936430317848 0.3742110266159696 0.05913202933985317 0.055846007604562736
7 0.5042176039119804 0.34094106463878326 0.07712713936430322 0.065
7 0.7559657701711492 0.3165019011406844 0.0462224938875305 0.048716730038022814
7 0.8045721271393643 0.3348384030418251 0.04866748166259162 0.05855513307984793
3 0.9122616136919316 0.2816634980988593 0.08477995110024439 0.05898288973384026
3 0.4809290953545232 0.2350380228136882 0.10739608801955992 0.05417300380228138
3 0.4748288508557458 0.271254752851711 0.08992665036674824 0.05264258555133079
3 0.5481662591687041 0.23301330798479086 0.062004889975550155 0.06123574144486688
3 0.6139486552567237 0.2784885931558936 0.09810513447432763 0.06532319391634983
3 0.6145354523227384 0.23006653992395437 0.09694376528117354 0.058963878326996226
3 0.8333863080684597 0.2366254752851711 0.08534229828850849 0.059420152091254744
3 0.9003300733496333 0.23866920152091253 0.0841931540342297 0.05806083650190118
0 0.7571393643031785 0.1753041825095057 0.10512224938875307 0.07071292775665398
0 0.6165525672371638 0.17959125475285173 0.0992176039119804 0.07094106463878326