7 0.5249584487534625 0.6813793103448277 0.0761634349030471 0.06653017241379311
7 0.5829916897506925 0.3602155172413793 0.08934903047091411 0.06231681034482763
7 0.497590027700831 0.3450754310344828 0.05704986149584495 0.08334051724137935
7 0.3281024930747922 0.34302801724137927 0.08214681440443206 0.0812931034482758
7 0.23545706371191136 0.27658405172413797 0.06699445983379486 0.06330818965517242
7 0.5381578947368422 0.23886853448275863 0.08738227146814409 0.07368534482758621
7 0.25293628808864266 0.21116379310344827 0.0523684210526315 0.05522629310344827
7 0.19786703601108035 0.23195043103448276 0.05513850415512458 0.06637931034482761
3 0.07585872576177283 0.17167025862068966 0.09605263157894724 0.06686422413793099
3 0.5645429362880887 0.11881465517241378 0.12167590027700834 0.06141163793103449
3 0.5714542936288088 0.15987068965517243 0.10188365650969537 0.05967672413793103
3 0.4883656509695291 0.11651939655172414 0.07024930747922442 0.06941810344827581
3 0.4138365650969529 0.1680711206896552 0.11114958448753462 0.07405172413793107
3 0.4131717451523545 0.11317887931034483 0.10983379501385035 0.06684267241379313
3 0.1652216066481994 0.12061422413793105 0.0966897506925207 0.06735991379310344
3 0.08937673130193902 0.1229310344827586 0.09538781163434888 0.06581896551724142
0 0.25160664819944595 0.05109913793103447 0.11909972299168976 0.08016163793103447
0 0.41088642659279784 0.05595905172413794 0.11240997229916894 0.08042025862068965