7 0.503547619047619 0.7178888888888889 0.06546428571428572 0.05716666666666668
7 0.45366666666666666 0.4419259259259259 0.07679761904761903 0.053546296296296335
7 0.5270714285714286 0.42891666666666667 0.04903571428571435 0.07161111111111114
7 0.6727500000000001 0.4271574074074074 0.0706071428571428 0.0698518518518518
7 0.7523809523809524 0.37006481481481485 0.0575833333333332 0.05439814814814815
7 0.49220238095238095 0.3376574074074074 0.0751071428571429 0.06331481481481481
7 0.7373571428571428 0.3138518518518518 0.0450119047619047 0.047453703703703706
7 0.7846904761904762 0.331712962962963 0.04739285714285708 0.05703703703703706
3 0.8895595238095239 0.27991666666666665 0.08255952380952371 0.05745370370370366
3 0.4695238095238095 0.2345 0.10458333333333336 0.05276851851851853
3 0.46358333333333335 0.2697777777777778 0.08757142857142865 0.051277777777777776
3 0.5349999999999999 0.23252777777777778 0.06038095238095241 0.05964814814814814
3 0.5990595238095239 0.2768240740740741 0.09553571428571435 0.06362962962962966
3 0.5996309523809524 0.22965740740740742 0.09440476190476192 0.057435185185185214
3 0.8127500000000001 0.2360462962962963 0.0831071428571428 0.05787962962962962
3 0.8779404761904762 0.23803703703703702 0.08198809523809511 0.05655555555555557
0 0.7385 0.1763148148148148 0.10236904761904762 0.06887962962962961
0 0.6015952380952381 0.18049074074074076 0.09661904761904758 0.06910185185185184