0 0.499375 0.18759223300970873 0.09076250000000002 0.07384466019417477
0 0.35772499999999996 0.17743689320388348 0.11400000000000006 0.09810679611650487
3 0.485975 0.2384466019417476 0.07886250000000004 0.04635922330097087
3 0.56455 0.25045631067961166 0.07827500000000001 0.04978640776699027
3 0.6431125 0.24953398058252427 0.07115000000000009 0.04793203883495146
3 0.6365625 0.294378640776699 0.10144999999999982 0.056543689320388356
3 0.5032375 0.29137864077669906 0.07052499999999995 0.05423300970873788
3 0.28272499999999995 0.2472330097087379 0.075925 0.05098058252427184
3 0.21041250000000006 0.23936893203883497 0.07772500000000009 0.04451456310679614
3 0.21189999999999998 0.28836893203883496 0.07713750000000004 0.04637864077669901
7 0.35355000000000003 0.33690291262135924 0.0818625 0.043621359223300925
7 0.2839125 0.3355145631067961 0.08544999999999987 0.051941747572815535
7 0.2764749999999999 0.3798932038834952 0.08842500000000002 0.0519514563106796
7 0.35534999999999994 0.3794271844660194 0.07168749999999989 0.05251456310679615
7 0.5708 0.37433980582524273 0.07650000000000005 0.06731067961165052
7 0.6416249999999999 0.338747572815534 0.07769999999999982 0.06269902912621363
7 0.6074 0.4150194174757282 0.0002750000000000341 0.00111650485436891
7 0.635975 0.37734951456310684 0.07829999999999984 0.05426213592233008