0 0.43555240793201133 0.08815384615384615 0.10284702549575073 0.08358241758241758
0 0.5960623229461757 0.07665934065934064 0.12917847025495757 0.11104395604395606
3 0.4507365439093485 0.14571428571428574 0.08936260623229467 0.05247252747252747
3 0.361699716713881 0.15930769230769234 0.08869688385269123 0.05635164835164832
3 0.2726770538243626 0.15826373626373624 0.08062322946175632 0.05425274725274726
3 0.28009915014164305 0.209021978021978 0.11495750708215292 0.06400000000000002
3 0.43117563739376774 0.20562637362637362 0.0799150141643059 0.0613846153846154
3 0.6810481586402267 0.1556593406593407 0.08603399433427764 0.05770329670329669
3 0.7629886685552407 0.14675824175824176 0.08807365439093494 0.05038461538461541
3 0.7613031161473088 0.2022197802197802 0.0874079320113315 0.052494505494505475
7 0.6007932011331444 0.2571538461538461 0.09276203966005667 0.04937362637362632
7 0.6797025495750708 0.25558241758241756 0.09682719546742195 0.05879120879120879
7 0.6881303116147309 0.3058131868131868 0.10019830028328613 0.058802197802197795
7 0.5987535410764873 0.30528571428571427 0.08123229461756361 0.059439560439560474
7 0.3546175637393768 0.2995274725274725 0.08668555240793208 0.07618681318681324
7 0.2743626062322946 0.25924175824175827 0.08804532577903679 0.07096703296703301
7 0.31314447592067984 0.3455714285714286 0.0003116147308782256 0.0012637362637362387
7 0.2807648725212465 0.30293406593406597 0.08872521246458921 0.061417582417582404