0 0.49107142857142855 0.17983333333333335 0.0864404761904762 0.07042592592592593
0 0.6259761904761906 0.17014814814814813 0.10857142857142862 0.09356481481481482
3 0.5038333333333334 0.22833333333333336 0.0751071428571429 0.04421296296296299
3 0.429 0.23978703703703705 0.07454761904761906 0.04748148148148146
3 0.3541785714285714 0.2389074074074074 0.06776190476190472 0.04571296296296297
3 0.36041666666666666 0.2816759259259259 0.09661904761904758 0.05392592592592593
3 0.4873928571428572 0.2788148148148148 0.06716666666666662 0.05172222222222223
3 0.697404761904762 0.23671296296296299 0.07230952380952382 0.04862037037037039
3 0.7662738095238095 0.22921296296296298 0.0740238095238096 0.04245370370370372
3 0.7648571428571429 0.27594444444444444 0.07346428571428576 0.04423148148148146
7 0.6299523809523809 0.32223148148148145 0.07796428571428572 0.04160185185185181
7 0.6962738095238096 0.3209074074074074 0.08138095238095226 0.04953703703703704
7 0.7033571428571429 0.3632314814814815 0.08421428571428573 0.04954629629629629
7 0.6282380952380953 0.362787037037037 0.06827380952380949 0.05008333333333336
7 0.42304761904761906 0.3579351851851852 0.07285714285714291 0.06419444444444448
7 0.3555952380952381 0.32399074074074075 0.07399999999999997 0.059796296296296333
7 0.3881904761904762 0.3967314814814815 0.0002619047619047944 0.0010648148148147938
7 0.3609761904761905 0.36080555555555555 0.07457142857142855 0.05174999999999999