7 0.738243626062323 0.3061868131868132 0.07515580736543902 0.07345054945054949
7 0.8330028328611898 0.2622197802197802 0.0712181303116147 0.07096703296703301
7 0.8330028328611898 0.3111538461538461 0.0712181303116147 0.07293406593406594
7 0.5065864022662889 0.2530659340659341 0.06035410764872523 0.055791208791208774
7 0.5035410764872521 0.31219780219780224 0.06711048158640226 0.06456043956043957
7 0.4172096317280454 0.312989010989011 0.07252124645892358 0.05984615384615389
7 0.4297025495750708 0.25647252747252747 0.10889518413597717 0.07201098901098898
3 0.8252407932011332 0.1581098901098901 0.07458923512747886 0.05739560439560441
3 0.8319830028328612 0.20206593406593407 0.10345609065155802 0.043065934065934126
3 0.661685552407932 0.2177582417582418 0.0879886685552408 0.06818681318681313
3 0.7540934844192634 0.1622967032967033 0.0833427762039659 0.06576923076923079
3 0.6647308781869689 0.15994505494505495 0.0819121813031162 0.0613736263736264
3 0.4269971671388102 0.17118681318681317 0.0738243626062323 0.05843956043956038
3 0.35348441926345603 0.15575824175824177 0.07050991501416427 0.06346153846153846
3 0.33864022662889526 0.2112197802197802 0.1055807365439093 0.06557142857142853
0 0.5140084985835693 0.09846153846153846 0.12645892351274785 0.08881318681318681
0 0.6660764872521246 0.09008791208791207 0.10152974504249301 0.07835164835164836
5 0.5219546742209632 0.9642857142857143 0.11473087818696884 0.07142857142857142