7 0.32335766423357665 0.3531474480151229 0.06454987834549886 0.06317580340264653
7 0.24197080291970804 0.31533081285444237 0.06116788321167887 0.06103969754253312
7 0.24197080291970804 0.35741965973534967 0.06116788321167887 0.06273156899810965
7 0.522323600973236 0.30745746691871456 0.051836982968369846 0.04798676748582229
7 0.5249391727493917 0.3583175803402647 0.05763990267639902 0.05552930056710775
7 0.5990875912408758 0.35899810964083173 0.062287104622871105 0.05147448015122877
7 0.5883576642335766 0.31038752362948957 0.09352798053527966 0.06193761814744799
3 0.2486374695863747 0.2257844990548204 0.06406326034063256 0.049366729678638956
3 0.24284671532846716 0.26359168241965975 0.0888564476885645 0.037041587901701374
3 0.3891119221411192 0.2770888468809074 0.07557177615571777 0.05864839319470695
3 0.30974452554744525 0.22938563327032135 0.07158150851581513 0.056568998109640854
3 0.3864963503649635 0.22736294896030246 0.07035279805352802 0.05278827977315692
3 0.5906812652068126 0.23703213610586008 0.06340632603406327 0.05026465028355383
3 0.6538199513381996 0.22376181474480153 0.060559610705596074 0.05458412098298677
3 0.6665693430656934 0.2714650283553875 0.0906812652068126 0.056398865784499014
0 0.5159489051094891 0.17448015122873345 0.10861313868613136 0.07638941398865784
0 0.38534063260340634 0.16727788279773156 0.08720194647201954 0.0673913043478261
5 0.5095985401459854 0.9314083175803403 0.09875912408759131 0.08407372400756148