7 0.31761904761904763 0.35706481481481483 0.0631666666666667 0.06188888888888892
7 0.23797619047619048 0.32001851851851854 0.05985714285714289 0.059796296296296333
7 0.23797619047619048 0.36124999999999996 0.05985714285714289 0.061453703703703705
7 0.5123214285714286 0.31230555555555556 0.050726190476190494 0.047009259259259244
7 0.5148809523809523 0.36212962962962963 0.0564047619047619 0.05439814814814815
7 0.5874404761904761 0.3627962962962963 0.06095238095238094 0.05042592592592596
7 0.5769404761904762 0.3151759259259259 0.09152380952380945 0.060675925925925904
3 0.2445 0.23229629629629628 0.06269047619047616 0.048361111111111126
3 0.23883333333333334 0.2693333333333333 0.08695238095238098 0.03628703703703709
3 0.38196428571428576 0.28255555555555556 0.07395238095238096 0.05745370370370366
3 0.30429761904761904 0.23582407407407407 0.07004761904761908 0.05541666666666669
3 0.3794047619047619 0.2338425925925926 0.06884523809523814 0.05171296296296298
3 0.5792142857142858 0.2433148148148148 0.06204761904761905 0.049240740740740724
3 0.641 0.23031481481481483 0.05926190476190473 0.05347222222222222
3 0.6534761904761904 0.2770462962962963 0.0887380952380952 0.05524999999999996
0 0.5060833333333333 0.18203703703703702 0.10628571428571425 0.07483333333333332
0 0.3782738095238095 0.17498148148148146 0.08533333333333341 0.06601851851851853
5 0.4998690476190476 0.9235462962962963 0.09664285714285722 0.08236111111111115