7 0.5822191011235955 0.4222379912663755 0.07787921348314614 0.08077510917030568
7 0.8089185393258428 0.4162445414847161 0.07865168539325842 0.07256550218340614
7 0.890505617977528 0.3772598253275109 0.08401685393258418 0.07569868995633192
7 0.8925000000000001 0.40638646288209607 0.08851123595505615 0.08441048034934491
7 0.585561797752809 0.36194323144104806 0.07654494382022473 0.07659388646288207
7 0.5029634831460674 0.36531659388646287 0.09997191011235965 0.07295851528384284
7 0.4832443820224719 0.4243122270742358 0.096629213483146 0.0890938864628821
3 0.7390308988764046 0.31542576419213975 0.09858146067415738 0.06670305676855898
3 0.890505617977528 0.2696724890829694 0.1080898876404495 0.04766375545851525
3 0.8884971910112359 0.31048034934497815 0.09654494382022473 0.054748908296943205
3 0.7380337078651685 0.26240174672489086 0.0765168539325843 0.060447598253275114
3 0.8042415730337079 0.26447598253275106 0.07196629213483147 0.08092794759825327
3 0.5009550561797753 0.2644868995633188 0.08793539325842699 0.07499999999999998
3 0.40700842696629214 0.2626637554585153 0.1046769662921348 0.07552401746724892
3 0.41602528089887636 0.31177947598253275 0.09463483146067415 0.07397379912663754
0 0.5735252808988764 0.1961353711790393 0.08991573033707863 0.07549126637554589
0 0.7336938202247191 0.1943013100436681 0.10471910112359543 0.09030567685589516