7 0.3037150837988827 0.3923752711496746 0.07744413407821235 0.08024945770065077
7 0.07828212290502795 0.3864208242950108 0.0782122905027933 0.07209327548806944
7 0.018854748603351956 0.3470715835140998 0.03770949720670391 0.07592190889370933
7 0.019553072625698324 0.37581344902386116 0.03910614525139665 0.08351409978308026
7 0.30039106145251393 0.33247288503253797 0.07611731843575419 0.07609544468546635
7 0.3825279329608938 0.335824295010846 0.09941340782122914 0.07248373101952282
7 0.4021368715083799 0.39443600867678963 0.09608938547486028 0.08851409978308028
3 0.14777932960893855 0.2862581344902386 0.09803072625698316 0.06626898047722345
3 0.025139664804469275 0.24023861171366595 0.05027932960893855 0.046637744034707156
3 0.023044692737430168 0.2809110629067245 0.046089385474860335 0.05422993492407809
3 0.1487709497206704 0.23357917570498918 0.07608938547486035 0.06005422993492408
3 0.08293296089385474 0.23563991323210412 0.07156424581005588 0.08040130151843818
3 0.38452513966480445 0.23565075921908896 0.0874441340782123 0.07451193058568328
3 0.47794692737430167 0.23383947939262473 0.10409217877094969 0.07503253796095445
3 0.46898044692737434 0.28263557483731017 0.09410614525139664 0.07349240780911062
0 0.3123603351955307 0.16774403470715835 0.08941340782122903 0.07500000000000004
0 0.15308659217877096 0.1659219088937093 0.10413407821229043 0.08971800433839476