5 0.4117261904761905 0.9162685185185184 0.09265476190476195 0.06780555555555547
7 0.4029285714285714 0.36830555555555555 0.06601190476190481 0.06850925925925927
7 0.21077380952380953 0.3632222222222222 0.06666666666666667 0.06154629629629632
7 0.14161904761904762 0.3301574074074074 0.07121428571428573 0.06420370370370374
7 0.13992857142857143 0.3548611111111111 0.07502380952380953 0.07159259259259253
7 0.40009523809523806 0.3171666666666667 0.06488095238095239 0.06496296296296293
7 0.47010714285714283 0.3200277777777778 0.08473809523809532 0.061879629629629666
7 0.48682142857142857 0.37006481481481485 0.08190476190476186 0.07556481481481482
3 0.2700119047619048 0.277712962962963 0.08355952380952378 0.056574074074074096
3 0.14161904761904762 0.2389074074074074 0.09161904761904763 0.0404259259259259
3 0.14332142857142857 0.2735185185185185 0.08183333333333331 0.04643518518518516
3 0.27085714285714285 0.23274074074074075 0.06485714285714288 0.051268518518518526
3 0.21473809523809523 0.2345 0.06100000000000001 0.06863888888888889
3 0.4718095238095238 0.23450925925925928 0.0745357142857143 0.0636111111111111
3 0.5514404761904762 0.23296296296296296 0.08872619047619044 0.06405555555555556
3 0.543797619047619 0.27462037037037035 0.08021428571428571 0.06274074074074074
0 0.410297619047619 0.17653703703703702 0.07621428571428569 0.06402777777777781
0 0.2745357142857143 0.17498148148148146 0.08876190476190474 0.07659259259259256