0 0.3966904761904762 0.17167592592592593 0.1051666666666667 0.08321296296296296
0 0.5423809523809524 0.1794074074074074 0.09325000000000006 0.07858333333333334
5 0.4664166666666667 0.912962962962963 0.09550000000000003 0.08764814814814811
7 0.25952380952380955 0.3667592592592593 0.06711904761904762 0.04778703703703705
7 0.3326428571428572 0.37601851851851853 0.06373809523809523 0.06630555555555556
7 0.26858333333333334 0.32575 0.06665476190476191 0.060675925925925904
7 0.5361428571428571 0.3191481481481482 0.09211904761904761 0.042481481481481474
7 0.5349999999999999 0.36698148148148146 0.06717857142857137 0.07114814814814818
3 0.26320238095238097 0.23140740740740737 0.06608333333333333 0.0571759259259259
3 0.2555595238095238 0.2757222222222222 0.06824999999999998 0.05789814814814812
3 0.33208333333333334 0.23494444444444446 0.06486904761904763 0.06273148148148149
3 0.39613095238095236 0.24244444444444443 0.059214285714285726 0.04245370370370372
3 0.4012380952380953 0.2757222222222222 0.06261904761904764 0.0526018518518518
3 0.6001904761904762 0.2353888888888889 0.06605952380952375 0.05655555555555554
3 0.6730357142857143 0.23913888888888887 0.08023809523809534 0.056999999999999974
3 0.6761428571428572 0.28079629629629627 0.07740476190476188 0.06626851851851846