0 0.38335820895522393 0.15416827852998066 0.10987562189054731 0.08691489361702127
0 0.5355721393034826 0.16224371373307542 0.0974253731343284 0.08207930367504836
5 0.4562064676616916 0.9284332688588007 0.09977611940298511 0.09154738878143119
7 0.24004975124378108 0.3579303675048356 0.07012437810945273 0.0499129593810445
7 0.31644278606965176 0.3676015473887815 0.06659203980099498 0.06925531914893618
7 0.24951492537313436 0.31509671179883947 0.06963930348258708 0.06337524177949708
7 0.5290547263681592 0.3082011605415861 0.09624378109452736 0.04437137330754352
7 0.5278606965174129 0.35816247582205024 0.07018656716417904 0.07431334622823987
3 0.24389303482587066 0.21655705996131525 0.06904228855721392 0.05971953578336557
3 0.23590796019900495 0.26284332688588 0.07130597014925372 0.06047388781431332
3 0.3158582089552239 0.2202514506769826 0.06777363184079603 0.06552224371373308
3 0.38277363184079605 0.2280851063829787 0.061865671641791055 0.044342359767891706
3 0.3881094527363184 0.26284332688588 0.06542288557213934 0.054941972920696275
3 0.5959701492537313 0.22071566731141198 0.06901741293532339 0.05907156673114118
3 0.6720771144278608 0.22463249516441003 0.08383084577114439 0.05953578336557055
3 0.6753233830845772 0.2681431334622824 0.08087064676616913 0.06921663442940032