0 0.38175308641975314 0.15520192307692307 0.10906172839506177 0.08641346153846154
0 0.5328395061728395 0.16323076923076923 0.09670370370370375 0.08160576923076923
5 0.45406172839506176 0.925 0.09903703703703708 0.09101923076923063
7 0.23950617283950618 0.35778846153846156 0.06960493827160494 0.049625000000000016
7 0.31533333333333335 0.3674038461538462 0.06609876543209872 0.06885576923076925
7 0.24890123456790125 0.3152019230769231 0.06912345679012347 0.06300961538461536
7 0.5263703703703704 0.3083461538461538 0.09553086419753086 0.04411538461538461
7 0.5251851851851852 0.35801923076923076 0.0696666666666666 0.07388461538461541
3 0.243320987654321 0.2172307692307692 0.06853086419753085 0.059375
3 0.23539506172839506 0.26325 0.07077777777777776 0.06012499999999998
3 0.3147530864197531 0.22090384615384617 0.06727160493827161 0.06514423076923077
3 0.38117283950617287 0.22869230769230767 0.06140740740740742 0.04408653846153848
3 0.38646913580246917 0.26325 0.0649382716049383 0.054624999999999944
3 0.59279012345679 0.2213653846153846 0.06850617283950619 0.05873076923076922
3 0.6683333333333333 0.22525961538461536 0.08320987654320999 0.05919230769230764
3 0.6715555555555556 0.2685192307692308 0.08027160493827158 0.06881730769230764