5 0.6695156695156695 0.9800443458980045 0.11965811965811966 0.03991130820399113
7 0.5474501424501425 0.5569401330376941 0.0885185185185185 0.09845898004434583
7 0.7977350427350427 0.4598004434589801 0.08652421652421653 0.07471175166297128
7 0.43044159544159544 0.4603436807095344 0.06207977207977214 0.0635920177383591
7 0.3765242165242166 0.5165521064301551 0.08041310541310548 0.07468957871396908
7 0.2737606837606837 0.4302549889135255 0.09061253561253547 0.07941241685144124
7 0.40773504273504274 0.36347006651884706 0.06881766381766374 0.0752660753880266
7 0.8380911680911681 0.3621507760532151 0.07501424501424513 0.05679600886917962
7 0.8404558404558404 0.42392461197339243 0.08844729344729366 0.07941241685144124
7 0.9384757834757834 0.3574057649667406 0.07774928774928765 0.06629711751662966
7 0.9428774928774929 0.4199667405764967 0.09792022792022793 0.07149667405764967
3 0.8255413105413105 0.24100886917960088 0.12045584045584037 0.05208425720620845
3 0.8421509971509973 0.28747228381374723 0.09591168091168081 0.08939024390243902
3 0.7173504273504273 0.23442350332594233 0.08237891737891744 0.07829268292682927
3 0.6183190883190883 0.2185920177383592 0.09595441595441598 0.0909534368070953
3 0.30394586894586895 0.23468957871396895 0.1224786324786325 0.09993348115299333
3 0.19272079772079767 0.2309977827050998 0.07908831908831906 0.06931263858093124
3 0.18118233618233626 0.30568736141906877 0.10487179487179471 0.08781596452328164
0 0.3928062678062678 0.15180709534368073 0.12307692307692321 0.12073170731707314
0 0.6125641025641025 0.14995565410199554 0.13125356125356125 0.09486696230598662