5 0.4026428571428572 0.9160370370370371 0.1000714285714285 0.08251851851851863
7 0.5043928571428571 0.5373703703703704 0.07397619047619046 0.08223148148148143
7 0.2952261904761905 0.4562407407407407 0.07230952380952382 0.06239814814814819
7 0.6021785714285715 0.45669444444444446 0.05188095238095243 0.053111111111111074
7 0.6472380952380952 0.5036388888888889 0.06720238095238101 0.06237962962962969
7 0.7331190476190477 0.4315648148148148 0.07572619047619036 0.06632407407407406
7 0.6211547619047619 0.37578703703703703 0.057511904761904695 0.0628611111111111
7 0.2615 0.37468518518518523 0.06269047619047623 0.047435185185185205
7 0.25952380952380955 0.42627777777777776 0.0739166666666667 0.06632407407407406
7 0.17760714285714285 0.37072222222222223 0.06497619047619045 0.05537037037037033
7 0.17392857142857143 0.42297222222222225 0.08183333333333334 0.059712962962962975
3 0.27198809523809525 0.27350925925925923 0.10066666666666667 0.04350000000000002
3 0.25810714285714287 0.3123148148148148 0.08015476190476188 0.07465740740740741
3 0.3624047619047619 0.2680092592592592 0.06884523809523814 0.0653888888888889
3 0.44516666666666665 0.25478703703703703 0.0801904761904762 0.07596296296296295
3 0.7078928571428571 0.26823148148148146 0.10235714285714288 0.08346296296296295
3 0.8008452380952381 0.2651481481481482 0.06609523809523807 0.05788888888888887
3 0.8104880952380952 0.3275277777777778 0.08764285714285701 0.07334259259259263
0 0.6336309523809524 0.19900925925925927 0.1028571428571429 0.10083333333333332
0 0.4499761904761905 0.19746296296296295 0.10969047619047617 0.07923148148148144