5 0.5946228710462287 0.9180718336483933 0.10226277372262767 0.08423440453686211
7 0.4906447688564477 0.531531190926276 0.07559610705596105 0.08394139886578444
7 0.7043917274939173 0.4487145557655955 0.07389294403892945 0.06369565217391314
7 0.39071776155717763 0.44917769376181477 0.053017031630170366 0.05421550094517949
7 0.34467153284671537 0.49709829867674854 0.06867396593673972 0.06367674858223074
7 0.2569099756690997 0.42352551984877124 0.07738442822384416 0.06770321361058601
7 0.37132603406326037 0.36658790170132327 0.05877128953771283 0.06416824196597352
7 0.7388564476885645 0.3654631379962193 0.0640632603406327 0.04842155009451798
7 0.7408759124087592 0.41812854442344044 0.07553527980535298 0.06770321361058601
7 0.8245863746958637 0.3614177693761815 0.06639902676399018 0.05652173913043474
7 0.828345498783455 0.41475425330812854 0.08362530413625305 0.0609546313799622
3 0.7281386861313869 0.2621833648393195 0.10287104622871039 0.044404536862003796
3 0.7423236009732361 0.3017958412098299 0.08190997566909967 0.07620982986767486
3 0.6357420924574209 0.25656899810964084 0.0703527980535279 0.06674858223062383
3 0.5511678832116789 0.24307183364839322 0.08194647201946474 0.0775425330812854
3 0.2826885644768857 0.25679584120982984 0.10459854014598542 0.08519848771266539
3 0.18770072992700726 0.253648393194707 0.06754257907542577 0.05909262759924384
3 0.17784671532846721 0.31732514177693766 0.0895620437956203 0.0748676748582231
0 0.3585766423357664 0.1861342155009452 0.105109489051095 0.10293005671077503
0 0.5462530413625304 0.18455576559546313 0.11209245742092455 0.08087901701323245