0 0.5417396593673965 0.18450850661625706 0.08950121654501222 0.09213610586011343
0 0.39489051094890515 0.18430056710775047 0.14164233576642343 0.10001890359168236
3 0.6283211678832117 0.24572778827977318 0.08019464720194656 0.07169187145557658
3 0.7285401459854015 0.2551701323251418 0.0739051094890511 0.04981096408317585
3 0.7282481751824817 0.3067013232514178 0.08190997566909994 0.05506616257088846
3 0.28136253041362524 0.25764650283553875 0.06753041362530413 0.04514177693761814
3 0.20200729927007294 0.2585538752362949 0.08260340632603418 0.05954631379962193
3 0.19330900243309 0.3022022684310019 0.07217761557177607 0.05326086956521741
7 0.7152189781021897 0.36295841209829866 0.0732238442822385 0.05598298676748584
7 0.803272506082725 0.3557466918714556 0.08434306569343057 0.07002835538752367
7 0.7230291970802919 0.41627599243856334 0.07148418491484183 0.049253308128544435
7 0.7974695863746959 0.4124480151228733 0.0681265206812652 0.059206049149338365
7 0.9732360097323601 0.43856332703213613 0.0535279805352798 0.043478260869565216
7 0.35753041362530413 0.3580056710775047 0.08430656934306564 0.06048204158790171
7 0.18751824817518248 0.36160680529300565 0.06754257907542577 0.0640831758034026
7 0.08383211678832113 0.3595746691871456 0.07568126520681269 0.049234404536862036
7 0.18520681265206815 0.4147069943289225 0.08377128953771278 0.06050094517958411
5 0.7754501216545011 0.9340170132325142 0.08248175182481746 0.06967863894139868