0 0.5506746031746032 0.20700617283950615 0.09731481481481488 0.10028806584362142
0 0.391005291005291 0.20677983539094652 0.1540079365079366 0.10886831275720157
3 0.6448148148148148 0.273641975308642 0.0871957671957673 0.07803497942386833
3 0.7537830687830688 0.28391975308641976 0.08035714285714286 0.05421810699588482
3 0.7534656084656085 0.34001028806584366 0.08906084656084677 0.05993827160493826
3 0.2675661375661375 0.2866152263374485 0.07342592592592591 0.04913580246913579
3 0.1812830687830687 0.2876028806584362 0.08981481481481493 0.06481481481481481
3 0.1718253968253968 0.3351131687242799 0.07847883597883588 0.057973251028806606
7 0.7392989417989417 0.4012448559670782 0.07961640211640218 0.060936213991769565
7 0.8350396825396825 0.39339506172839506 0.09170634920634911 0.07622427983539098
7 0.7477910052910052 0.4592798353909465 0.07772486772486771 0.05361111111111112
7 0.8287301587301588 0.4551131687242798 0.07407407407407407 0.06444444444444443
7 0.35038359788359785 0.3958539094650206 0.0916666666666666 0.06583333333333334
7 0.1655291005291005 0.3997736625514403 0.07343915343915342 0.06975308641975304
7 0.05279100529100525 0.3975617283950617 0.08228835978835984 0.0535905349794239
7 0.16301587301587303 0.45757201646090534 0.09108465608465595 0.06585390946502057
5 0.8055555555555556 0.9922839506172839 0.08994708994708994 0.015432098765432098