0 0.4508214285714286 0.19371296296296295 0.08758333333333339 0.09025925925925925
0 0.5945238095238095 0.19350925925925927 0.13860714285714293 0.09798148148148145
3 0.3660952380952381 0.2536851851851852 0.07847619047619042 0.0702314814814815
3 0.2680238095238095 0.2629351851851852 0.07232142857142858 0.04879629629629634
3 0.26830952380952383 0.3134166666666667 0.08015476190476192 0.053944444444444434
3 0.7056190476190477 0.2653611111111111 0.06608333333333333 0.04422222222222221
3 0.7832738095238095 0.26625 0.08083333333333344 0.058333333333333334
3 0.7917857142857143 0.30900925925925926 0.0706309523809523 0.052175925925925945
7 0.2810595238095238 0.3685277777777778 0.0716547619047619 0.05484259259259261
7 0.19489285714285715 0.361462962962963 0.08253571428571427 0.06860185185185189
7 0.2734166666666667 0.4207592592592593 0.06995238095238097 0.048250000000000015
7 0.20057142857142857 0.41700925925925925 0.06666666666666667 0.05799999999999999
7 0.0275 0.4430277777777778 0.05498809523809524 0.0434074074074074
7 0.6310833333333333 0.3636759259259259 0.08249999999999995 0.05925000000000001
7 0.797452380952381 0.3672037037037037 0.06609523809523807 0.06277777777777774
7 0.8989166666666667 0.36521296296296296 0.07405952380952385 0.048231481481481514
7 0.7997142857142857 0.4192222222222222 0.08197619047619036 0.05926851851851851
5 0.22211904761904763 0.9279537037037038 0.08071428571428572 0.06825925925925917