5 0.04759036144578313 0.9161985018726592 0.09518072289156626 0.0552434456928839
1 0.4884457831325302 0.5760393258426967 0.05420481927710844 0.06711610486891392
3 0.4723734939759036 0.4846348314606742 0.07887951807228918 0.07110486891385773
3 0.2856506024096386 0.4059644194756554 0.07080722891566263 0.06215355805243445
3 0.33297590361445784 0.23521535580524341 0.06859036144578307 0.05647940074906372
3 0.3209397590361446 0.27468164794007494 0.0931807228915663 0.0652340823970037
3 0.672012048192771 0.22965355805243448 0.065722891566265 0.07502808988764044
3 0.7506024096385542 0.27132958801498125 0.06687951807228915 0.04249999999999999
0 0.6031686746987952 0.16388576779026218 0.07197590361445784 0.08503745318352059
0 0.36309638554216866 0.34310861423220973 0.08114457831325304 0.06481273408239703
7 0.2535180722891566 0.31300561797752813 0.05771084337349395 0.043529962546816486
7 0.23946987951807228 0.3602715355805243 0.07480722891566269 0.04386704119850189
7 0.3321204819277109 0.3096722846441948 0.06737349397590356 0.051423220973782734
7 0.6037469879518073 0.31702247191011235 0.05934939759036143 0.056900749063670396
7 0.7474578313253012 0.3210393258426966 0.07663855421686736 0.06882022471910113
7 0.7554819277108433 0.37141385767790264 0.07433734939759042 0.06437265917602997
7 0.8243253012048194 0.32416666666666666 0.08812048192771096 0.078623595505618