5 0.04960714285714286 0.9138425925925926 0.09920238095238097 0.05413888888888892
1 0.4873928571428572 0.5770462962962963 0.05355952380952382 0.06637037037037043
3 0.47151190476190474 0.4866574074074074 0.07794047619047623 0.07031481481481487
3 0.2870119047619048 0.4088611111111111 0.06996428571428573 0.061462962962962955
3 0.33377380952380953 0.24000925925925923 0.0677738095238095 0.055851851851851875
3 0.3218809523809524 0.27903703703703703 0.09207142857142861 0.06450925925925922
3 0.6687738095238095 0.2345092592592593 0.06494047619047613 0.07419444444444447
3 0.7464285714285714 0.2757222222222222 0.06608333333333333 0.04202777777777777
0 0.60075 0.16947222222222222 0.07111904761904762 0.08409259259259258
0 0.3635357142857143 0.3467037037037037 0.08017857142857146 0.06409259259259262
7 0.25526190476190475 0.3169351851851852 0.0570238095238095 0.043046296296296305
7 0.24138095238095236 0.3636759259259259 0.0739166666666667 0.04337962962962965
7 0.33292857142857146 0.3136388888888889 0.06657142857142856 0.050851851851851815
7 0.6013214285714286 0.3209074074074074 0.058642857142857135 0.0562685185185185
7 0.7433214285714286 0.32487962962962963 0.07572619047619036 0.06805555555555555
7 0.75125 0.37469444444444444 0.073452380952381 0.06365740740740741
7 0.8192738095238096 0.3279722222222222 0.08707142857142869 0.07775000000000003