5 0.975201072386059 0.9399791231732777 0.049597855227882036 0.061586638830897704
1 0.5128552278820375 0.5607620041753654 0.06030831099195712 0.07482254697286018
3 0.5307372654155496 0.4588622129436326 0.08776139410187671 0.07926931106471823
3 0.738485254691689 0.37115866388308977 0.07878016085790883 0.0692901878914405
3 0.6858310991957105 0.18080375782881 0.0763136729222521 0.06296450939457207
3 0.6992225201072386 0.2248016701461378 0.10367292225201061 0.07272442588726509
3 0.3086193029490617 0.17460334029227562 0.07312332439678278 0.083643006263048
3 0.22117962466487937 0.2210647181628392 0.07441018766756032 0.04737995824634654
0 0.38521447721179625 0.1012839248434238 0.0800804289544236 0.09480167014613777
0 0.6523190348525469 0.3010855949895616 0.09028150134048275 0.07225469728601255
7 0.7742359249329759 0.26752609603340294 0.06420911528150115 0.04852818371607517
7 0.7898659517426273 0.3202192066805845 0.08323056300268115 0.04890396659707727
7 0.6867828418230562 0.26381002087682676 0.0749597855227883 0.05732776617954067
7 0.3845710455764075 0.27200417536534444 0.06603217158176942 0.06343423799582462
7 0.22467828418230565 0.276482254697286 0.08526809651474518 0.0767223382045929
7 0.2157506702412869 0.3326409185803758 0.08270777479892767 0.07176409185803757
7 0.1391554959785522 0.2799686847599165 0.09804289544235939 0.08765135699373698