7 0.7886810551558753 0.39753258845437617 0.07227817745803354 0.04540037243947857
7 0.8600479616306954 0.3682774674115456 0.059736211031174984 0.061350093109869636
7 0.785251798561151 0.3538640595903166 0.07159472422062355 0.05612662942271878
7 0.6139808153477218 0.35608007448789575 0.08532374100719434 0.060558659217877064
7 0.28713429256594725 0.36117318435754187 0.06541966426858513 0.07341713221601492
7 0.22004796163069545 0.3536405959031657 0.07856115107913667 0.05302607076350097
7 0.21491606714628297 0.4061824953445065 0.08243405275779377 0.05737430167597766
3 0.2954196642685851 0.301340782122905 0.07902877697841723 0.05157355679702047
3 0.29369304556354914 0.2552234636871509 0.0819664268585132 0.0530540037243948
3 0.6993405275779376 0.2521322160148976 0.06941247002398093 0.07017690875232775
3 0.6659352517985612 0.04843575418994413 0.07796163069544362 0.05991620111731843
3 0.5571822541966427 0.5795158286778398 0.08651079136690645 0.07783054003724388
0 0.6331175059952038 0.5034916201117319 0.09907673860911284 0.11015828677839846
0 0.6128417266187051 0.18962756052141527 0.0882254196642685 0.0674953445065177
3 0.7812589928057555 0.30221601489757915 0.07730215827338133 0.06190875232774675