7 0.13656084656084658 0.4166152263374486 0.0797354497354497 0.050164609053497934
7 0.057830687830687864 0.3842901234567901 0.06589947089947082 0.06778806584362139
7 0.14034391534391538 0.3683641975308642 0.07898148148148153 0.06201646090534976
7 0.32928571428571435 0.3708127572016461 0.09412698412698424 0.06691358024691355
7 0.6898544973544973 0.376440329218107 0.07216931216931209 0.08112139917695475
7 0.7638624338624339 0.36811728395061727 0.08666666666666664 0.05859053497942392
7 0.7695238095238095 0.42617283950617285 0.09093915343915344 0.06339506172839507
3 0.6807142857142857 0.3103292181069959 0.08718253968253979 0.056985596707818914
3 0.6826190476190476 0.2593724279835391 0.09042328042328059 0.058621399176954754
3 0.23511904761904762 0.2559567901234568 0.07657407407407421 0.07754115226337449
3 0.27314814814814814 0.03189300411522634 0.08597883597883597 0.06378600823045268
3 0.39194444444444443 0.6176954732510288 0.0954365079365079 0.08599794238683119
0 0.3081746031746032 0.5336934156378601 0.10929894179894194 0.12171810699588471
0 0.330542328042328 0.18689300411522633 0.09732804232804224 0.07457818930041153
3 0.14474867724867718 0.3112962962962963 0.08527777777777781 0.06840534979423869