7 0.7878095238095238 0.39717592592592593 0.07176190476190474 0.04514814814814814
7 0.8586666666666667 0.3680833333333333 0.059309523809523736 0.06100925925925925
7 0.7844047619047618 0.35375 0.07108333333333337 0.05581481481481479
7 0.6143571428571428 0.3559537037037037 0.08471428571428574 0.06022222222222219
7 0.2898452380952381 0.3610185185185185 0.06495238095238096 0.07300925925925927
7 0.22323809523809526 0.3535277777777778 0.07799999999999997 0.052731481481481525
7 0.21814285714285717 0.4057777777777778 0.0818452380952381 0.05705555555555556
3 0.29807142857142854 0.3015185185185185 0.07846428571428568 0.05128703703703703
3 0.2963571428571429 0.25565740740740744 0.0813809523809524 0.05275925925925928
3 0.6991071428571428 0.2525833333333333 0.06891666666666679 0.06978703703703704
3 0.6659404761904761 0.05001851851851852 0.07740476190476188 0.05958333333333333
3 0.5579642857142857 0.5781481481481481 0.08589285714285712 0.07739814814814808
0 0.6333571428571428 0.5025462962962963 0.09836904761904768 0.10954629629629624
0 0.6132261904761905 0.19042592592592592 0.08759523809523807 0.06712037037037037
3 0.7804404761904763 0.3023888888888889 0.07675000000000003 0.06156481481481482