0 0.5279916897506924 0.19543103448275864 0.1065096952908587 0.08503232758620687
0 0.35222991689750693 0.20467672413793103 0.11576177285318565 0.09966594827586207
7 0.33476454293628816 0.38091594827586206 0.09268698060941838 0.07663793103448277
7 0.7189058171745152 0.3832219827586207 0.07347645429362874 0.05662715517241374
7 0.8003601108033241 0.38192887931034486 0.0841551246537396 0.07932112068965519
7 0.7921052631578948 0.44530172413793107 0.10907202216066482 0.07409482758620689
7 0.16759002770083103 0.3862931034482759 0.07887811634349037 0.0689439655172414
7 0.15999999999999998 0.44221982758620687 0.09139889196675902 0.08024784482758623
7 0.05119113573407207 0.3842456896551724 0.09538781163434888 0.0730495689655172
3 0.6262465373961219 0.27445043103448274 0.10581717451523542 0.07712284482758626
3 0.6908864265927978 0.27239224137931034 0.11314404432132956 0.06654094827586207
3 0.7027423822714681 0.31395474137931034 0.09260387811634335 0.06584051724137933
3 0.25299168975069247 0.2677801724137931 0.1032548476454293 0.06582974137931039
3 0.16131578947368425 0.2693211206896552 0.10195290858725747 0.06891163793103453
3 0.1527423822714681 0.3239655172413793 0.10063711911357352 0.06122844827586212