0 0.5332640586797066 0.18950570342205325 0.09400977995110021 0.07500950570342202
0 0.3781295843520782 0.1976615969581749 0.10217603911980445 0.08791825095057035
7 0.3627139364303179 0.3531273764258555 0.08180929095354532 0.06760456273764259
7 0.7017726161369192 0.3551615969581749 0.06485330073349628 0.04995247148288969
7 0.7736674816625917 0.35402091254752854 0.07427872860635695 0.06997148288973386
7 0.7663814180929095 0.4099239543726236 0.09627139364303179 0.06536121673003802
7 0.21515892420537897 0.3578707224334601 0.06962102689486559 0.0608174904942966
7 0.20845965770171146 0.40720532319391634 0.08067237163814182 0.07078897338403044
7 0.11242053789731056 0.35606463878326994 0.0841931540342297 0.06443916349809882
3 0.6199877750611247 0.25921102661596956 0.09339853300733479 0.06803231939163502
3 0.6770415647921759 0.25739543726235736 0.09986552567237171 0.05869771863117871
3 0.6875061124694376 0.29405893536121674 0.08173594132029327 0.05807984790874527
3 0.2905378973105134 0.25332699619771865 0.09113691931540337 0.05807034220532322
3 0.20962102689486556 0.25468631178707224 0.08998777506112457 0.06078897338403046
3 0.20205378973105131 0.30288973384030415 0.08882640586797076 0.05401140684410651