0 0.4545119047619048 0.18644444444444447 0.09154761904761902 0.07306481481481479
0 0.6055833333333334 0.1943888888888889 0.09950000000000005 0.0856388888888889
7 0.6205952380952381 0.34582407407407406 0.07966666666666669 0.06585185185185186
7 0.29041666666666666 0.34780555555555553 0.06315476190476188 0.048657407407407365
7 0.22040476190476188 0.34669444444444447 0.07233333333333332 0.06815740740740742
7 0.22749999999999998 0.40114814814814814 0.09375 0.06366666666666666
7 0.7642857142857142 0.35044444444444445 0.0677976190476191 0.05924074074074076
7 0.7708095238095238 0.3985 0.07855952380952382 0.06895370370370373
7 0.8643333333333333 0.34868518518518515 0.08198809523809511 0.06276851851851849
3 0.37005952380952384 0.25434259259259256 0.09095238095238092 0.06626851851851853
3 0.3145 0.25257407407407406 0.09724999999999996 0.05717592592592593
3 0.3043095238095238 0.28828703703703706 0.07959523809523811 0.056574074074074096
3 0.6908809523809524 0.24861111111111112 0.08874999999999994 0.056564814814814846
3 0.7696785714285714 0.2499351851851852 0.08763095238095227 0.05921296296296298
3 0.7770476190476191 0.29688888888888887 0.08650000000000009 0.05261111111111116