3 0.32357142857142857 0.2397962962962963 0.08186904761904759 0.053037037037037014
3 0.39840476190476193 0.2393611111111111 0.08188095238095235 0.06449999999999997
3 0.3315119047619048 0.2909351851851852 0.0932142857142857 0.056574074074074096
3 0.6826666666666668 0.23913888888888887 0.10178571428571428 0.06228703703703702
3 0.7572023809523809 0.24266666666666664 0.09896428571428584 0.06581481481481483
3 0.748702380952381 0.28498148148148145 0.09555952380952379 0.06583333333333335
7 0.7396309523809523 0.3341388888888889 0.09329761904761892 0.0654074074074074
7 0.8172857142857143 0.33325925925925926 0.0944404761904761 0.07246296296296295
7 0.7475714285714287 0.3806481481481482 0.07061904761904754 0.05969444444444447
7 0.6038809523809524 0.3165 0.08249999999999995 0.06363888888888891
7 0.33434523809523814 0.33237037037037037 0.07394047619047621 0.06364814814814816
7 0.2668809523809524 0.3266296296296296 0.08365476190476188 0.07301851851851852
7 0.2564047619047619 0.38042592592592595 0.09716666666666668 0.06807407407407405
0 0.4610238095238095 0.17542592592592593 0.09438095238095234 0.07748148148148148
0 0.6055714285714285 0.17808333333333334 0.09095238095238092 0.0812314814814815