3 0.30804289544235924 0.2588517745302714 0.09218498659517424 0.05979123173277659
3 0.3923056300268097 0.25836116910229645 0.09219839142091149 0.07271398747390394
3 0.3169839142091153 0.31650313152400833 0.10495978552278815 0.06377870563674323
3 0.7123860589812333 0.25811064718162835 0.1146112600536193 0.07021920668058453
3 0.796313672922252 0.2620876826722338 0.11143431635388755 0.07419624217119002
3 0.7867426273458444 0.30979123173277656 0.10760053619302946 0.07421711899791233
7 0.7765281501340482 0.36520876826722337 0.10505361930294892 0.07373695198329852
7 0.8639678284182305 0.3642171189979123 0.10634048257372644 0.08169102296450939
7 0.7854691689008043 0.41764091858037583 0.07951742627345836 0.06729645093945723
7 0.6236729222520108 0.3453235908141962 0.09289544235924926 0.07174321503131526
7 0.3201742627345845 0.3632150313152401 0.08325737265415552 0.07175365344467642
7 0.24420911528150135 0.35674321503131523 0.09419571045576405 0.08231732776617956
7 0.23241286863270777 0.41739039665970773 0.10941018766756033 0.07674321503131522
0 0.4628150134048257 0.18628392484342382 0.10627345844504017 0.08734864300626305
0 0.6255764075067024 0.18927974947807935 0.10241286863270774 0.09157620041753656