3 0.3202409638554217 0.23406367041198503 0.08285542168674696 0.0536329588014981
3 0.39597590361445784 0.23362359550561798 0.08286746987951804 0.06522471910112357
3 0.328277108433735 0.2857771535580524 0.09433734939759031 0.05720973782771538
3 0.6836626506024097 0.23339887640449436 0.10301204819277109 0.06298689138576777
3 0.7590963855421686 0.23696629213483145 0.10015662650602422 0.06655430711610491
3 0.7504939759036144 0.2797565543071161 0.09671084337349395 0.06657303370786519
7 0.7413132530120482 0.3294662921348315 0.09442168674698782 0.06614232209737826
7 0.8199036144578313 0.32857677902621724 0.09557831325301196 0.07327715355805242
7 0.7493493975903615 0.376498127340824 0.07146987951807221 0.060365168539325866
7 0.6039277108433735 0.31162921348314604 0.0834939759036144 0.06435393258426968
7 0.33114457831325306 0.3276779026217228 0.07483132530120483 0.06436329588014982
7 0.2628674698795181 0.32187265917603 0.08466265060240961 0.07383895131086143
7 0.25226506024096385 0.3762734082397004 0.09833734939759037 0.0688389513108614
0 0.4593493975903614 0.16897003745318354 0.0955180722891566 0.07835205992509364
0 0.6056385542168675 0.17165730337078652 0.09204819277108431 0.08214419475655432