0 0.4511071428571429 0.19481481481481483 0.09155952380952377 0.09510185185185183
0 0.61975 0.2034351851851852 0.09836904761904755 0.09137037037037038
3 0.7135595238095238 0.2660277777777778 0.07061904761904754 0.06671296296296295
3 0.7917857142857143 0.25787037037037036 0.0706309523809523 0.05392592592592593
3 0.8002857142857143 0.32135185185185183 0.08083333333333344 0.053944444444444434
3 0.36269047619047623 0.2638240740740741 0.10569047619047615 0.060537037037037035
3 0.28445238095238096 0.2635925925925926 0.07798809523809523 0.06334259259259256
3 0.2776666666666667 0.31386111111111115 0.10566666666666666 0.058351851851851835
7 0.18753571428571428 0.3702870370370371 0.06823809523809524 0.04602777777777781
7 0.18441666666666667 0.4196574074074074 0.08467857142857142 0.05838888888888884
7 0.26972619047619045 0.3753518518518518 0.06032142857142859 0.04911111111111108
7 0.6392976190476191 0.3676388888888889 0.06946428571428567 0.05131481481481478
7 0.7849761904761905 0.3645555555555556 0.09103571428571432 0.06277777777777774
7 0.8742619047619048 0.3762407407407407 0.085952380952381 0.06850925925925927
7 0.8014166666666668 0.42362962962962963 0.07177380952380948 0.06102777777777775
5 0.5514404761904762 0.9244259259259259 0.10232142857142862 0.09117592592592595