0 0.43523631840796023 0.16866537717601549 0.09565920398009946 0.09933268858800771
0 0.6114303482587065 0.17766924564796907 0.10277363184079587 0.09543520309477757
3 0.7094402985074627 0.24304642166344295 0.0737810945273631 0.06968085106382975
3 0.7911691542288557 0.23452611218568664 0.07379353233830836 0.05632495164410059
3 0.8000497512437811 0.30083172147001935 0.08445273631840808 0.056344294003868464
3 0.34286069651741297 0.24074468085106385 0.11042288557213926 0.0632301740812379
3 0.26111940298507463 0.24050290135396518 0.08148009950248755 0.06616054158607347
3 0.25402985074626866 0.2930077369439072 0.11039800995024875 0.060947775628626674
7 0.15986318407960198 0.3519439071566731 0.07129353233830844 0.04807543520309481
7 0.1566044776119403 0.40351063829787237 0.08847014925373134 0.06098646034816242
7 0.24573383084577113 0.35723404255319147 0.0630223880597015 0.051295938104448706
7 0.6318532338308458 0.3491779497098646 0.07257462686567152 0.05359767891682781
7 0.7840547263681592 0.34595744680851065 0.0951119402985075 0.06557059961315276
7 0.8773383084577114 0.35816247582205024 0.08980099502487568 0.07155705996131528
7 0.8012313432835821 0.4076595744680851 0.07498756218905468 0.06374274661508701
5 0.5400621890547264 0.9307350096711798 0.10690298507462692 0.09523210831721472