0 0.5240782828282828 0.19292730844793712 0.09710858585858582 0.10089390962671904
0 0.34521464646464645 0.20207269155206287 0.10433080808080793 0.09693516699410609
3 0.24571969696969698 0.2684774066797642 0.07489898989898981 0.07077603143418464
3 0.16275252525252523 0.2598231827111984 0.07491161616161607 0.057210216110019654
3 0.15373737373737373 0.32717092337917486 0.08573232323232334 0.05722986247544203
3 0.6178535353535354 0.26613948919449903 0.11209595959595957 0.06422396856581532
3 0.7008333333333333 0.26589390962671905 0.08271464646464645 0.06720039292730842
3 0.708030303030303 0.31922396856581536 0.11207070707070706 0.06190569744597248
7 0.8036237373737374 0.37908644400785857 0.0723737373737373 0.048831041257367425
7 0.8069318181818183 0.4314636542239686 0.08981060606060591 0.06194499017681723
7 0.7164520202020203 0.3844597249508841 0.06397727272727281 0.05210216110019643
7 0.32448232323232323 0.3762770137524558 0.07367424242424231 0.05444007858546165
7 0.16997474747474747 0.37300589390962674 0.09655303030303033 0.0666011787819253
7 0.07527777777777778 0.38540275049115913 0.09116161616161622 0.07268172888015718
7 0.15253787878787872 0.43567779960707265 0.07612373737373733 0.0647445972495088
5 0.41792929292929293 0.9592337917485265 0.10858585858585859 0.08153241650294696