0 0.45030303030303026 0.1405402750491159 0.09348484848484843 0.08593320235756387
0 0.5801767676767676 0.12606090373280945 0.10853535353535358 0.1170432220039293
3 0.3775757575757576 0.20416502946954812 0.09526515151515157 0.061876227897838906
3 0.29159090909090907 0.2006483300589391 0.07909090909090907 0.05177799607072695
3 0.293699494949495 0.2649607072691552 0.07901515151515157 0.04693516699410606
3 0.6793686868686868 0.2130451866404715 0.07608585858585858 0.06656188605108054
3 0.7608207070707071 0.24041257367387034 0.06829545454545444 0.05393909626719054
3 0.4978156565656565 0.6961787819253439 0.10731060606060608 0.0657858546168959
7 0.19541666666666668 0.35849705304518664 0.08440656565656561 0.061925343811394855
7 0.19780303030303029 0.30050098231827116 0.10075757575757577 0.06904715127701372
7 0.27356060606060606 0.3103339882121808 0.10847222222222225 0.07968565815324165
7 0.5988005050505051 0.4627996070726915 0.05683080808080807 0.04980353634577608
7 0.5843813131313131 0.31594302554027504 0.05683080808080807 0.057239685658153225
1 0.7764520202020203 0.6234479371316306 0.06589646464646472 0.07371316306483297
1 0.8392803030303031 0.9019449901768173 0.06334595959595969 0.05948919449901763
5 0.6880808080808082 0.9286247544204322 0.11997474747474746 0.1004715127701375