0 0.5301904761904762 0.1824722222222222 0.0881428571428571 0.08100000000000002
0 0.40773809523809523 0.1688240740740741 0.10233333333333337 0.1103240740740741
3 0.5987619047619047 0.24244444444444443 0.08982142857142862 0.058324074074074084
3 0.6798333333333333 0.2391296296296296 0.07457142857142841 0.04880555555555559
3 0.6778452380952381 0.29975 0.07450000000000018 0.04424074074074071
3 0.3142142857142858 0.2508148148148148 0.07173809523809523 0.06274074074074074
3 0.2374166666666666 0.27661111111111114 0.06439285714285704 0.050842592592592564
3 0.4853928571428572 0.706212962962963 0.10117857142857144 0.062009259259259285
7 0.7705119047619048 0.38791666666666663 0.07958333333333323 0.058370370370370336
7 0.7682619047619048 0.33325000000000005 0.09499999999999995 0.0650833333333333
7 0.6968333333333334 0.34251851851851856 0.10227380952380963 0.07511111111111111
7 0.39017857142857143 0.4862314814814815 0.05358333333333332 0.04694444444444449
7 0.4037738095238095 0.34780555555555553 0.05358333333333332 0.053953703703703684
1 0.22267857142857136 0.6376574074074074 0.062130952380952446 0.06948148148148145
1 0.16344047619047614 0.9001666666666667 0.059726190476190565 0.056074074074074026
5 0.30599999999999994 0.9253148148148148 0.11311904761904759 0.09470370370370368