0 0.4698095238095238 0.1824722222222222 0.0881428571428571 0.08100000000000002
0 0.5922619047619048 0.1688240740740741 0.10233333333333337 0.11032407407407409
3 0.4012380952380953 0.24244444444444443 0.08982142857142862 0.058324074074074084
3 0.32016666666666665 0.2391296296296296 0.07457142857142855 0.04880555555555556
3 0.32215476190476194 0.29975 0.07450000000000001 0.04424074074074071
3 0.6857857142857142 0.2508148148148148 0.07173809523809523 0.06274074074074074
3 0.7625833333333334 0.27661111111111114 0.06439285714285704 0.050842592592592564
3 0.5146071428571428 0.706212962962963 0.10117857142857144 0.062009259259259285
7 0.22948809523809524 0.38791666666666663 0.0795833333333333 0.058370370370370336
7 0.23173809523809524 0.33325000000000005 0.09500000000000001 0.0650833333333333
7 0.30316666666666664 0.34251851851851856 0.10227380952380956 0.07511111111111111
7 0.6098214285714286 0.4862314814814815 0.05358333333333332 0.04694444444444449
7 0.5962261904761905 0.34780555555555553 0.05358333333333339 0.053953703703703684
1 0.7773214285714286 0.6376574074074074 0.062130952380952446 0.06948148148148145
1 0.8365595238095238 0.9001666666666667 0.059726190476190565 0.056074074074074026
5 0.6940000000000001 0.9253148148148148 0.11311904761904759 0.09470370370370368