0 0.4393718592964824 0.172646484375 0.08824120603015076 0.06589843750000002
0 0.6275000000000001 0.185205078125 0.09184673366834158 0.07637695312499998
3 0.33380653266331656 0.258896484375 0.11452261306532659 0.05640624999999999
3 0.2347989949748744 0.26005859375 0.08827889447236179 0.06214843749999999
3 0.23241206030150754 0.306796875 0.07440954773869349 0.06479492187500002
3 0.8389572864321607 0.316787109375 0.08889447236180903 0.0643359375
7 0.6284045226130653 0.369794921875 0.06972361809045226 0.05319335937500003
7 0.23809045226130654 0.367470703125 0.06664572864321609 0.04668945312500006
7 0.145678391959799 0.36048828125 0.06796482412060305 0.06211914062500001
7 0.14327889447236183 0.4267578125 0.05644472361809046 0.06298828125
5 0.47675879396984927 0.940048828125 0.11634422110552765 0.08004882812500003