0 0.44373809523809526 0.19702777777777777 0.08361904761904763 0.0624814814814815
0 0.6220119047619048 0.2089351851851852 0.08703571428571423 0.07241666666666664
3 0.3437023809523809 0.2788055555555556 0.10852380952380948 0.05348148148148147
3 0.2498809523809524 0.27990740740740744 0.08365476190476188 0.058925925925925916
3 0.24761904761904763 0.32422222222222224 0.07051190476190479 0.061435185185185204
3 0.822392857142857 0.3336944444444444 0.08423809523809522 0.061
7 0.6228690476190477 0.38395370370370374 0.06607142857142857 0.05043518518518521
7 0.253 0.38175000000000003 0.06315476190476192 0.044268518518518575
7 0.16542857142857142 0.3751296296296296 0.06440476190476191 0.05889814814814816
7 0.1631547619047619 0.43796296296296294 0.053488095238095244 0.059722222222222225
5 0.4791666666666667 0.9246388888888889 0.11025000000000001 0.07589814814814817