0 0.5578657074340527 0.19440409683426443 0.08422062350119905 0.06283054003724396
0 0.3783093525179856 0.2063780260707635 0.087661870503597 0.07282122905027931
3 0.658621103117506 0.2766387337057728 0.1093045563549159 0.053780260707635
3 0.7531175059952039 0.2777467411545624 0.0842565947242206 0.059255121042830525
3 0.7553956834532374 0.32230912476722534 0.0710191846522782 0.061778398510242104
3 0.17648681055155882 0.3318342644320298 0.0848441247002398 0.06134078212290502
7 0.3774460431654676 0.3823743016759777 0.06654676258992806 0.05071694599627563
7 0.7499760191846523 0.3801582867783985 0.06360911270983208 0.0445158286778399
7 0.8381774580335731 0.3735009310986965 0.06486810551558742 0.0592271880819367
7 0.8404676258992806 0.4366852886405959 0.05387290167865715 0.06005586592178771
5 0.5221822541966427 0.9260800744878958 0.11104316546762591 0.07632216014897582