5 0.2467738095238095 0.9114259259259259 0.0824166666666667 0.08279629629629626
7 0.21616666666666667 0.39585185185185184 0.07560714285714284 0.05837962962962959
7 0.22153571428571428 0.33941666666666664 0.06779761904761904 0.05097222222222218
7 0.30289285714285713 0.34582407407407406 0.07222619047619046 0.06056481481481479
7 0.605297619047619 0.3471388888888889 0.06946428571428574 0.06850000000000002
3 0.7634404761904762 0.30437962962962967 0.07969047619047626 0.06407407407407412
3 0.3785476190476191 0.2501481481481482 0.075702380952381 0.04967592592592591
3 0.2991904761904762 0.25037037037037035 0.08024999999999996 0.05276851851851853
3 0.3054404761904762 0.2944629629629629 0.09094047619047617 0.05481481481481486
0 0.4522380952380952 0.17983333333333335 0.07341666666666662 0.07042592592592593
0 0.6086904761904761 0.1791851851851852 0.09666666666666665 0.07637962962962964