5 0.7310978835978836 0.9519958847736625 0.0915740740740741 0.09199588477366262
7 0.7651058201058201 0.3791358024691358 0.08400793650793649 0.06486625514403288
7 0.7591402116402116 0.31643004115226336 0.07533068783068789 0.05663580246913576
7 0.6687433862433863 0.3235493827160494 0.0802513227513227 0.06729423868312753
7 0.3327380952380953 0.32501028806584364 0.07718253968253971 0.07611111111111113
3 0.15702380952380957 0.2775 0.08854497354497362 0.07119341563786014
3 0.5846825396825397 0.2172427983539095 0.08411375661375665 0.05519547325102878
3 0.6728571428571428 0.21748971193415637 0.08916666666666663 0.058631687242798367
3 0.6659126984126984 0.2664814814814815 0.10104497354497352 0.06090534979423873
0 0.5028042328042328 0.13911522633744855 0.08157407407407402 0.07825102880658437
0 0.328968253968254 0.13839506172839508 0.10740740740740747 0.08486625514403293