5 0.7672871046228711 0.9124196597353497 0.08422141119221413 0.08451795841209837
7 0.7985644768856447 0.38612476370510396 0.07726277372262773 0.05959357277882794
7 0.7930778588807785 0.32851606805293004 0.06928223844282244 0.05203213610586007
7 0.7099391727493917 0.3350567107750473 0.07380778588807795 0.06182419659735347
7 0.4009124087591241 0.33639886578449907 0.07098540145985405 0.06992438563327034
3 0.23930656934306574 0.2927504725897921 0.0814355231143553 0.06540642722117207
3 0.6326277372262773 0.2373913043478261 0.07736009732360115 0.05070888468809072
3 0.7137226277372264 0.2376181474480151 0.08200729927007282 0.05386578449905483
3 0.7073357664233577 0.28262759924385633 0.09293187347931858 0.05595463137996223
0 0.557323600973236 0.16561436672967864 0.07502433090024326 0.07189035916824196
0 0.3974452554744526 0.16495274102079396 0.0987834549878346 0.0779678638941399