5 0.5018452380952381 0.9266203703703704 0.10967857142857142 0.08250925925925927
3 0.3366190476190476 0.685712962962963 0.08301190476190479 0.06861111111111103
3 0.4085952380952381 0.6444814814814814 0.0949642857142857 0.07908333333333341
3 0.3629642857142857 0.4804907407407407 0.09553571428571428 0.07385185185185185
3 0.41086904761904763 0.4910740740740741 0.07054761904761904 0.06899074074074073
3 0.45338095238095233 0.5752777777777778 0.0807619047619048 0.06461111111111109
3 0.6228690476190477 0.26888888888888884 0.06152380952380953 0.06362037037037041
3 0.6965595238095238 0.27903703703703703 0.09102380952380956 0.05922222222222225
3 0.6806785714285714 0.2331759259259259 0.08810714285714284 0.05541666666666666
7 0.68125 0.31386111111111115 0.06720238095238101 0.037185185185185154
7 0.6041547619047619 0.31428703703703703 0.07111904761904762 0.043046296296296305
7 0.609547619047619 0.3568425925925926 0.0915714285714286 0.06497222222222218
7 0.68125 0.36345370370370367 0.08761904761904751 0.07820370370370373
1 0.42361904761904756 0.5360462962962963 0.06204761904761905 0.06371296296296292
0 0.40577380952380954 0.7161296296296296 0.10115476190476194 0.0871388888888888
0 0.4788928571428571 0.6575 0.09777380952380951 0.07742592592592604
0 0.5352857142857143 0.573962962962963 0.09721428571428567 0.08841666666666667
0 0.3343333333333333 0.4315555555555556 0.09611904761904763 0.09237962962962966
0 0.475202380952381 0.48270370370370375 0.0881428571428571 0.08044444444444439