5 0.5544765840220386 0.9333511777301927 0.12690082644628098 0.09540685224839414
3 0.36330578512396694 0.6547858672376874 0.0960468319559229 0.07933618843683074
3 0.4465840220385675 0.6071092077087794 0.10987603305785121 0.09144539614561037
3 0.39378787878787874 0.4174839400428265 0.11053719008264463 0.08539614561027836
3 0.4492148760330578 0.4297216274089936 0.08162534435261706 0.07977516059957172
3 0.49840220385674927 0.5270877944325482 0.09344352617079894 0.07471092077087792
3 0.6945041322314051 0.17280513918629548 0.07118457300275491 0.07356531049250539
3 0.7797658402203856 0.18453961456102785 0.10531680440771354 0.06847965738758034
3 0.7613911845730027 0.13150963597430404 0.10194214876033057 0.0640792291220557
7 0.7620523415977961 0.22480728051391866 0.07775482093663919 0.04299785867237684
7 0.6728512396694215 0.2252997858672377 0.08228650137741048 0.049775160599571745
7 0.6790909090909091 0.27450749464668095 0.1059504132231406 0.07512847965738753
7 0.7620523415977961 0.28215203426124197 0.10137741046831944 0.09042826552462531
1 0.4639669421487603 0.48172376873661665 0.07179063360881544 0.07367237687366161
0 0.4433195592286502 0.6899571734475374 0.11703856749311299 0.10076017130620975
0 0.5279201101928375 0.6221627408993576 0.1131267217630854 0.08952890792291233
0 0.593168044077135 0.5255674518201284 0.11247933884297516 0.10223768736616703
0 0.36066115702479334 0.3608993576017131 0.11121212121212122 0.10682012847965737
0 0.5236501377410469 0.42004282655246256 0.10198347107438012 0.09301927194860801