5 0.46465968586387435 0.9837067209775967 0.12041884816753927 0.032586558044806514
3 0.6456020942408377 0.7480346232179227 0.09126963350785343 0.075458248472505
3 0.5664659685863874 0.7026883910386965 0.10441099476439789 0.08697556008146648
3 0.6166361256544503 0.5223319755600814 0.1050392670157068 0.08122199592668024
3 0.5639659685863875 0.5339714867617108 0.077565445026178 0.07587576374745417
3 0.5172251308900524 0.6265784114052952 0.08879581151832465 0.07105906313645619
3 0.3308769633507853 0.2896130346232179 0.0676439790575917 0.06996945010183303
3 0.24985602094240836 0.3007739307535642 0.10007853403141366 0.06513238289205707
3 0.26731675392670157 0.25033604887983707 0.09687172774869109 0.06094704684317721
7 0.26668848167539266 0.33907331975560084 0.07388743455497389 0.04089613034623215
7 0.35145287958115184 0.33954175152749494 0.07819371727748692 0.047342158859470476
7 0.3455235602094241 0.38634419551934823 0.10068062827225141 0.07145621181262725
7 0.26668848167539266 0.3936150712830957 0.0963350785340313 0.08600814663951124
1 0.5499476439790576 0.5834317718940937 0.06821989528795812 0.07007128309572296
0 0.569568062827225 0.7814867617107942 0.11121727748691103 0.09583503054989806
0 0.4891753926701571 0.7170061099796334 0.1075 0.08515274949083515
0 0.42717277486911 0.625132382892057 0.10688481675392666 0.09724032586558046
0 0.6481151832460733 0.46851323828920577 0.10568062827225132 0.1015987780040733
0 0.4932329842931937 0.5247657841140531 0.09691099476439786 0.08847250509164957