7 0.40775 0.36742592592592593 0.04791666666666667 0.07555555555555557
7 0.3425595238095238 0.36389814814814814 0.06040476190476191 0.05087037037037042
7 0.41370238095238093 0.3151759259259259 0.07282142857142866 0.060675925925925904
7 0.3323571428571428 0.3169444444444445 0.07401190476190485 0.052175925925925945
3 0.6458095238095238 0.6041574074074074 0.06827380952380942 0.07828703703703699
3 0.48879761904761904 0.47587037037037044 0.06716666666666662 0.06501851851851854
3 0.5058095238095238 0.39055555555555554 0.055261904761904714 0.05800925925925924
3 0.47860714285714284 0.238462962962963 0.055261904761904714 0.050120370370370364
3 0.41085714285714287 0.27792592592592597 0.0643571428571428 0.042907407407407436
3 0.27878571428571425 0.2629351851851852 0.058714285714285636 0.0540833333333333
3 0.33859523809523806 0.23868518518518517 0.06316666666666661 0.06908333333333334
3 0.3419880952380952 0.2733055555555556 0.0796785714285715 0.07067592592592596
1 0.5984880952380952 0.9539629629629629 0.04504761904761922 0.069148148148148
0 0.43126190476190474 0.4703611111111111 0.09835714285714273 0.0786851851851852
0 0.589702380952381 0.54 0.07795238095238097 0.08705555555555554
0 0.3830833333333333 0.3173888888888889 0.08363095238095238 0.07775000000000003
0 0.4729404761904762 0.18313888888888888 0.07340476190476186 0.07438888888888887
0 0.3992380952380953 0.18689814814814815 0.08533333333333341 0.07417592592592594