7 0.59225 0.36742592592592593 0.04791666666666667 0.07555555555555557
7 0.6574404761904762 0.36389814814814814 0.06040476190476191 0.05087037037037042
7 0.586297619047619 0.3151759259259259 0.07282142857142859 0.060675925925925904
7 0.6676428571428572 0.3169444444444445 0.07401190476190485 0.052175925925925945
3 0.35419047619047617 0.6041574074074074 0.06827380952380956 0.07828703703703699
3 0.511202380952381 0.47587037037037044 0.06716666666666662 0.06501851851851854
3 0.4941904761904762 0.39055555555555554 0.055261904761904714 0.05800925925925924
3 0.5213928571428572 0.238462962962963 0.055261904761904714 0.050120370370370364
3 0.5891428571428572 0.27792592592592597 0.0643571428571428 0.042907407407407436
3 0.7212142857142858 0.2629351851851852 0.058714285714285636 0.0540833333333333
3 0.6614047619047619 0.23868518518518517 0.06316666666666661 0.06908333333333334
3 0.6580119047619047 0.2733055555555556 0.0796785714285715 0.07067592592592596
1 0.40151190476190474 0.9539629629629629 0.045047619047619086 0.0691481481481481
0 0.5687380952380953 0.4703611111111111 0.0983571428571428 0.0786851851851852
0 0.410297619047619 0.54 0.07795238095238097 0.08705555555555554
0 0.6169166666666667 0.3173888888888889 0.08363095238095238 0.07775000000000003
0 0.5270595238095238 0.18313888888888888 0.07340476190476186 0.07438888888888887
0 0.6007619047619047 0.18689814814814815 0.08533333333333341 0.07417592592592594