7 0.38003768844221103 0.34845703125 0.050565326633165826 0.07968750000000002
7 0.31124371859296485 0.344736328125 0.06374371859296483 0.05365234375000005
7 0.3863190954773869 0.293349609375 0.0768467336683418 0.06399414062499997
7 0.3004773869346733 0.29521484375 0.07810301507537698 0.05502929687500002
3 0.6312562814070352 0.598134765625 0.07204773869346723 0.08256835937499996
3 0.4655653266331658 0.46283203125000005 0.07087939698492457 0.06857421875000003
3 0.4835175879396985 0.3728515625 0.05831658291457281 0.06118164062499998
3 0.45481155778894466 0.21244140625000002 0.05831658291457281 0.052861328124999996
3 0.3833165829145729 0.2540625 0.06791457286432154 0.04525390625000003
3 0.2439447236180904 0.23825195312500003 0.061959798994974793 0.05704101562499997
3 0.30706030150753766 0.21267578124999997 0.06665829145728637 0.07286132812500001
3 0.31064070351758793 0.24918945312500002 0.0840829145728644 0.07454101562500004
1 0.5816582914572864 0.96484375 0.04773869346733668 0.0703125
0 0.40484924623115576 0.457021484375 0.10379396984924609 0.08298828125000002
0 0.5720477386934674 0.53046875 0.08226130653266334 0.09181640624999998
0 0.3540075376884422 0.29568359375 0.0882537688442211 0.08200195312500003
0 0.44883165829145727 0.154091796875 0.0774623115577889 0.07845703124999998
0 0.37105527638190955 0.158056640625 0.0900502512562815 0.07823242187500001