5 0.5929729729729729 0.9248852772466539 0.09269041769041775 0.09049713193116643
3 0.6397665847665848 0.3331644359464627 0.09502457002456992 0.07755258126195029
3 0.5374078624078624 0.2673804971319312 0.07459459459459462 0.0503728489483747
3 0.4537592137592138 0.21162523900573615 0.07400491400491402 0.06932122370936901
3 0.3742014742014742 0.1397131931166348 0.09039312039312031 0.07657743785850862
3 0.32916461916461925 0.058451242829827915 0.07754299754299741 0.06956022944550672
7 0.6307125307125306 0.06733269598470364 0.10912776412776432 0.06819311663479923
7 0.5915110565110565 0.13218929254302103 0.0822113022113023 0.06407265774378583
7 0.5084520884520884 0.20524856596558316 0.058796068796068815 0.0708699808795411
7 0.42743243243243245 0.2651147227533461 0.08453316953316961 0.06888145315487568
7 0.33676904176904177 0.33430210325047804 0.08572481572481569 0.07801147227533463
1 0.5409213759213759 0.30401529636711283 0.060552825552825505 0.04990439770554498
1 0.4332800982800983 0.37412045889101336 0.06114250614250612 0.055717017208412975
1 0.3777149877149876 0.34658699808795407 0.04828009828009822 0.06981835564053535
1 0.48974201474201473 0.2810325047801147 0.0751597051597051 0.06674952198852777
1 0.549987714987715 0.21913001912045887 0.04826781326781322 0.0358221797323136