5 0.3944285714285714 0.9235462962962963 0.08982142857142862 0.08764814814814822
3 0.34908333333333336 0.3504537037037037 0.09208333333333336 0.07511111111111111
3 0.4482738095238095 0.28674074074074074 0.07228571428571431 0.04878703703703698
3 0.5293333333333333 0.23274074074074075 0.07171428571428573 0.06713888888888889
3 0.6064285714285714 0.16309259259259257 0.08759523809523807 0.07416666666666669
3 0.6500714285714285 0.08438888888888889 0.07514285714285701 0.06737037037037039
7 0.3578571428571429 0.09299074074074075 0.10575000000000005 0.06604629629629628
7 0.3958452380952381 0.15580555555555556 0.07966666666666662 0.06205555555555554
7 0.47633333333333333 0.2265648148148148 0.05697619047619049 0.06863888888888889
7 0.5548452380952381 0.2845462962962963 0.08191666666666673 0.06671296296296292
7 0.642702380952381 0.35155555555555557 0.08307142857142853 0.07555555555555557
1 0.4448690476190476 0.32222222222222224 0.058678571428571386 0.048333333333333374
1 0.5491785714285714 0.39012037037037034 0.059249999999999976 0.053962962962962935
1 0.6030238095238096 0.36345370370370367 0.0467857142857143 0.06762037037037034
1 0.49446428571428575 0.29996296296296293 0.07283333333333328 0.06464814814814819
1 0.4360833333333333 0.24000925925925923 0.04677380952380948 0.03469444444444447