5 0.4337837837837838 0.9537815126050421 0.10270270270270271 0.09243697478991597
3 0.38274324324324327 0.3072373949579832 0.10452702702702706 0.08521008403361345
3 0.49533783783783786 0.23495798319327732 0.0820540540540541 0.055346638655462126
3 0.5873513513513513 0.17369747899159665 0.08140540540540542 0.07616596638655461
3 0.6748648648648649 0.09468487394957982 0.09943243243243233 0.0841386554621849
3 0.7236486486486486 0.02153361344537815 0.08513513513513514 0.0430672268907563
7 0.39256756756756755 0.026260504201680673 0.12027027027027028 0.052521008403361345
7 0.43582432432432433 0.08641806722689077 0.09043243243243237 0.07039915966386552
7 0.5271891891891892 0.16669117647058823 0.0646756756756757 0.07786764705882353
7 0.6163108108108108 0.23246848739495798 0.09298648648648657 0.07568277310924365
7 0.7160405405405406 0.3084873949579832 0.09429729729729726 0.08571428571428574
1 0.491472972972973 0.27521008403361347 0.06660810810810806 0.05483193277310929
1 0.6098783783783783 0.3522373949579832 0.06725675675675673 0.06121848739495796
1 0.6710000000000002 0.32198529411764704 0.053108108108108044 0.07671218487394955
1 0.5477702702702703 0.24995798319327728 0.0826756756756756 0.07334033613445383
1 0.4815 0.18194327731092436 0.05309459459459454 0.03935924369747902