1 0.38394047619047617 0.9138425925925926 0.05977380952380957 0.05943518518518524
1 0.4131309523809523 0.8825462962962963 0.04560714285714279 0.05324999999999999
1 0.5752499999999999 0.7551388888888888 0.05471428571428576 0.0646666666666666
1 0.6075595238095238 0.7207592592592592 0.04452380952380956 0.04878703703703709
1 0.46132142857142855 0.7364074074074074 0.06489285714285713 0.062462962962963
1 0.5095000000000001 0.7018055555555556 0.06377380952380958 0.06553703703703702
5 0.6234404761904763 0.921787037037037 0.13295238095238102 0.08588888888888899
3 0.16286904761904764 0.6180277777777778 0.08991666666666664 0.0632222222222222
3 0.24733333333333332 0.6376574074074074 0.1016904761904762 0.09592592592592585
3 0.33434523809523814 0.6358981481481482 0.06713095238095236 0.07300925925925918
3 0.3989642857142857 0.5885 0.10115476190476194 0.06461111111111109
3 0.42589285714285713 0.5232592592592593 0.09152380952380952 0.0945648148148147
7 0.5899880952380953 0.5069537037037037 0.0932619047619048 0.07428703703703705
7 0.6064285714285714 0.5774814814814815 0.09440476190476185 0.06549074074074075
7 0.6676428571428572 0.6438333333333334 0.08080952380952366 0.06772222222222231
7 0.7617380952380952 0.65 0.08989285714285714 0.07125000000000004
7 0.8229523809523809 0.62025 0.0831071428571428 0.06991666666666665
7 0.8643333333333333 0.5422222222222223 0.09558333333333328 0.08311111111111111