1 0.44548158640226626 0.910934065934066 0.07111898016997173 0.07053846153846159
1 0.4802124645892351 0.8737912087912088 0.05426345609065148 0.06319780219780219
1 0.6731019830028329 0.7225824175824175 0.06509915014164311 0.07674725274725265
1 0.7115439093484419 0.6817802197802197 0.05297450424929191 0.057901098901098964
1 0.5375495750708215 0.7003516483516484 0.07720963172804532 0.07413186813186817
1 0.594872521246459 0.6592857142857144 0.07587818696883859 0.07778021978021975
5 0.7304390934844194 0.9203626373626373 0.158186968838527 0.10193406593406618
3 0.18245042492917848 0.5598571428571429 0.10698300283286115 0.075032967032967
3 0.28294617563739377 0.5831538461538461 0.12099150141643061 0.11384615384615375
3 0.38647308781869694 0.5810659340659341 0.07987252124645891 0.08664835164835155
3 0.463356940509915 0.5248131868131869 0.12035410764872526 0.07668131868131865
3 0.49539660056657225 0.4473846153846154 0.10889518413597733 0.1122307692307691
7 0.6906373937677054 0.428032967032967 0.11096317280453262 0.08816483516483518
7 0.7101983002832861 0.5117362637362637 0.11232294617563733 0.07772527472527474
7 0.7830311614730879 0.5904835164835165 0.09614730878186951 0.08037362637362648
7 0.894985835694051 0.5978021978021978 0.10695467422096316 0.08456043956043961
7 0.9589235127478754 0.5620879120879121 0.0821529745042493 0.08241758241758242
7 0.9794617563739377 0.46923076923076923 0.04107648725212465 0.0989010989010989