1 0.6206125 0.9290776699029126 0.06276250000000004 0.062320388349514616
1 0.5899625000000001 0.8962621359223301 0.04788749999999993 0.05583495145631067
1 0.41973750000000004 0.7626699029126213 0.05745000000000004 0.06780582524271837
1 0.38581249999999995 0.726621359223301 0.04675000000000011 0.051155339805825296
1 0.5393625 0.7430291262135923 0.06813749999999999 0.065495145631068
1 0.48877499999999996 0.706747572815534 0.06696250000000006 0.06871844660194172
5 0.36913749999999995 0.9374077669902913 0.13960000000000009 0.09005825242718468
3 0.8527375 0.6189029126213592 0.09441249999999997 0.0662912621359223
3 0.76405 0.6394854368932038 0.10677500000000009 0.10058252427184457
3 0.6726875 0.6376407766990291 0.07048750000000012 0.07655339805825234
3 0.6048375 0.5879417475728156 0.10621250000000003 0.06774757281553395
3 0.5765625 0.5195339805825243 0.09609999999999999 0.09915533980582512
7 0.4042625 0.5024368932038835 0.09792500000000004 0.07789320388349516
7 0.387 0.5763883495145631 0.09912499999999995 0.06866990291262137
7 0.32272499999999993 0.6459611650485437 0.08484999999999986 0.07100970873786418
7 0.22392499999999999 0.6524271844660194 0.09438749999999999 0.07470873786407771
7 0.15965000000000004 0.6212330097087378 0.08726249999999994 0.07331067961165047
7 0.11620000000000004 0.5394174757281553 0.10036249999999995 0.08714563106796115