3 0.6466666666666667 0.22567592592592595 0.06770238095238082 0.0615925925925926
3 0.7195119047619047 0.23450925925925928 0.06891666666666679 0.0636111111111111
3 0.652904761904762 0.2755092592592593 0.07627380952380945 0.06098148148148149
3 0.42957142857142855 0.6008518518518519 0.06715476190476187 0.06109259259259261
3 0.37063095238095234 0.6757962962962963 0.11022619047619052 0.06993518518518516
3 0.3054404761904762 0.7216388888888889 0.07733333333333334 0.052314814814814814
3 0.2351547619047619 0.7533796296296296 0.07504761904761907 0.06290740740740745
3 0.1472857142857143 0.7846666666666667 0.07575 0.06316666666666669
0 0.1705357142857143 0.8349351851851852 0.10224999999999998 0.07968518518518514
0 0.2578214285714286 0.7957037037037037 0.09772619047619051 0.07878703703703696
0 0.33775 0.7555833333333333 0.08754761904761904 0.08494444444444445
0 0.40832142857142856 0.7117222222222221 0.09265476190476195 0.08008333333333334
0 0.4817261904761905 0.6511018518518519 0.08530952380952377 0.08755555555555551
5 0.7396309523809523 0.9140648148148148 0.07289285714285716 0.07222222222222222