3 0.30300546448087423 0.12737234042553194 0.07769125683060095 0.0707659574468085
3 0.21941256830601094 0.1375212765957447 0.07908469945355205 0.07308510638297872
3 0.29584699453551905 0.18462765957446808 0.0875273224043715 0.07006382978723406
3 0.5521311475409837 0.5584255319148935 0.0770628415300546 0.07019148936170215
3 0.6197677595628416 0.644531914893617 0.1264890710382514 0.08035106382978721
3 0.6945765027322405 0.6972021276595745 0.08874316939890715 0.0601063829787234
3 0.7752322404371585 0.7336702127659575 0.08612021857923492 0.07227659574468091
3 0.8760655737704918 0.7696170212765958 0.08692622950819687 0.07257446808510641
0 0.8493852459016393 0.827372340425532 0.11733606557377031 0.09155319148936164
0 0.7492213114754099 0.7822978723404256 0.1121448087431696 0.09052127659574459
0 0.6575 0.7362021276595745 0.10046448087431689 0.09759574468085107
0 0.576516393442623 0.6858085106382978 0.10632513661202192 0.09201063829787234
0 0.49228142076502734 0.6161595744680851 0.09789617486338793 0.100595744680851
5 0.19632513661202192 0.9182872340425533 0.08364754098360658 0.08297872340425531