3 0.35653266331658284 0.19211914062500002 0.07144472361809032 0.06496093749999998
3 0.2796608040201005 0.201435546875 0.07272613065326645 0.06708984374999999
3 0.34994974874371854 0.244677734375 0.08048994974874364 0.06431640625000001
3 0.5856281407035177 0.5878125 0.07086683417085424 0.06443359375000002
3 0.6478266331658292 0.66685546875 0.11631909547738711 0.07375976562499997
3 0.7166206030150755 0.715205078125 0.08160804020100507 0.05517578125
3 0.7907914572864322 0.748681640625 0.07919597989949745 0.06634765625000005
3 0.8835175879396985 0.7816796875 0.07993718592964838 0.06662109375000003
0 0.8589824120603015 0.834697265625 0.1079020100502511 0.08404296874999995
0 0.7668718592964825 0.7933203125 0.10312814070351776 0.08309570312499992
0 0.6825251256281406 0.751005859375 0.09238693467336678 0.08958984375000001
0 0.6080527638190955 0.70474609375 0.09777638190954764 0.08446289062500001
0 0.5305904522613065 0.640810546875 0.09002512562814066 0.09234374999999995
5 0.25842964824120607 0.918154296875 0.07692211055276384 0.076171875