7 0.44139303482587067 0.3562282398452611 0.08796019900497516 0.07846228239845261
7 0.5225373134328358 0.34286266924564796 0.06958955223880603 0.05507736943907161
7 0.5249004975124378 0.29543520309477755 0.05774875621890541 0.05416827852998065
7 0.4517661691542289 0.3083365570599613 0.06958955223880603 0.0637137330754352
3 0.5950870646766169 0.2206092843326886 0.07019900497512431 0.04544487427466152
3 0.6060323383084577 0.25952611218568666 0.0760820895522389 0.05632495164410059
3 0.5290422885572139 0.26505802707930365 0.09267412935323383 0.07291102514506768
3 0.386318407960199 0.20382011605415862 0.07019900497512445 0.06275628626692455
3 0.4603606965174129 0.21071566731141197 0.0731343283582089 0.0615667311411992
3 0.4485074626865672 0.24756286266924565 0.08796019900497516 0.06921663442940032
3 0.36944029850746263 0.2613733075435203 0.07553482587064679 0.05817214700193422
0 0.6013059701492537 0.14348162475822052 0.08263681592039794 0.08736943907156676
0 0.5234203980099502 0.15247582205029014 0.07787313432835823 0.0852998065764023
0 0.45087064676616917 0.15063829787234043 0.0713681592039801 0.06688588007736941
0 0.36973880597014924 0.16283365570599614 0.1081094527363185 0.0894487427466151