7 0.5537142857142857 0.3716111111111111 0.08419047619047622 0.07512037037037037
7 0.47604761904761905 0.3588148148148148 0.0666071428571429 0.052731481481481525
7 0.4737857142857143 0.3134074074074074 0.05527380952380946 0.0518611111111111
7 0.5437857142857142 0.32575925925925925 0.0666071428571429 0.061
3 0.4066071428571429 0.24176851851851852 0.06719047619047612 0.04350925925925927
3 0.39613095238095236 0.2790277777777778 0.07282142857142852 0.05392592592592593
3 0.46982142857142856 0.28432407407407406 0.08870238095238094 0.06980555555555554
3 0.6064285714285714 0.22569444444444445 0.06719047619047626 0.06008333333333332
3 0.5355595238095238 0.23229629629629628 0.06999999999999995 0.05894444444444442
3 0.5469047619047619 0.2675740740740741 0.08419047619047622 0.06626851851851849
3 0.6225833333333334 0.28079629629629627 0.07229761904761907 0.05569444444444442
0 0.4006547619047619 0.16792592592592595 0.07909523809523802 0.08364814814814818
0 0.475202380952381 0.17653703703703702 0.0745357142857143 0.08166666666666665
0 0.5446428571428571 0.17477777777777778 0.0683095238095238 0.064037037037037
0 0.622297619047619 0.1864537037037037 0.1034761904761905 0.0856388888888889