7 0.47767313019390584 0.2740732758620689 0.09795013850415517 0.08742456896551723
7 0.56803324099723 0.2591810344827586 0.07749307479224384 0.06136853448275867
7 0.5706648199445983 0.20633620689655174 0.06430747922437666 0.060355603448275855
7 0.489224376731302 0.22071120689655171 0.07749307479224384 0.07099137931034483
3 0.6488227146814405 0.12296336206896553 0.07817174515235449 0.05063577586206897
3 0.66101108033241 0.16632543103448277 0.08472299168975063 0.06275862068965518
3 0.5752770083102493 0.17248922413793102 0.10319944598337949 0.08123922413793103
3 0.4163434903047092 0.10425646551724138 0.07817174515235464 0.06992456896551723
3 0.4987950138504155 0.11193965517241379 0.08144044321329634 0.06859913793103445
3 0.48559556786703606 0.15299568965517243 0.09795013850415517 0.07712284482758613
3 0.3975484764542936 0.16838362068965515 0.08411357340720224 0.06481681034482756
0 0.6565096952908587 0.04256465517241379 0.09141274238227147 0.08512931034482758
0 0.5699445983379502 0.046875 0.08725761772853186 0.09375
0 0.48822714681440443 0.04499999999999999 0.07947368421052631 0.07452586206896548
0 0.39788088642659275 0.05858836206896552 0.12038781163434913 0.09966594827586207