5 0.3694880952380952 0.927074074074074 0.07167857142857147 0.07001851851851841
3 0.3431309523809524 0.28212037037037035 0.05977380952380957 0.053046296296296265
3 0.41766666666666663 0.2852037037037037 0.05014285714285715 0.046879629629629625
3 0.3487976190476191 0.2364814814814815 0.06720238095238101 0.05409259259259261
3 0.4156904761904762 0.2331851851851852 0.07111904761904762 0.06096296296296294
3 0.546345238095238 0.23537962962962963 0.05130952380952384 0.043953703703703675
3 0.5517261904761904 0.28079629629629627 0.07114285714285713 0.06098148148148149
0 0.3453928571428571 0.17806481481481481 0.09440476190476188 0.08805555555555558
0 0.4179523809523809 0.17675925925925925 0.07339285714285712 0.06799999999999999
0 0.47605952380952377 0.17521296296296296 0.07623809523809519 0.0790185185185185
0 0.5474761904761904 0.17433333333333334 0.08985714285714289 0.08607407407407405