5 0.39799157303370786 0.9424017467248909 0.08456460674157308 0.08255458515283831
3 0.3668960674157304 0.1819759825327511 0.07051966292134837 0.0625436681222707
3 0.45483146067415725 0.18561135371179038 0.05915730337078652 0.055272925764192134
3 0.3735814606741573 0.12816593886462882 0.0792837078651686 0.06377729257641923
3 0.4525 0.12427947598253275 0.08390449438202248 0.0718777292576419
3 0.6066432584269663 0.12686681222707424 0.06053370786516857 0.05182314410480346
3 0.6129915730337079 0.18041484716157205 0.08393258426966291 0.07189956331877731
0 0.36956460674157304 0.05929039301310044 0.11137640449438196 0.10382096069868998
0 0.45516853932584267 0.05775109170305678 0.08658707865168536 0.08017467248908297
0 0.5237219101123596 0.055927947598253265 0.08994382022471906 0.09316593886462879
0 0.6079775280898876 0.05489082969432314 0.10601123595505621 0.10148471615720522