5 0.6325968992248062 0.9539637826961771 0.07779069767441865 0.07607645875251498
3 0.6612015503875969 0.2532092555331992 0.06487080103359177 0.05763581488933598
3 0.5803100775193799 0.2565593561368209 0.0544186046511628 0.050935613682092554
3 0.6550516795865633 0.20362173038229378 0.07293281653746776 0.058772635814889354
3 0.5824547803617571 0.20004024144869215 0.07718346253229975 0.06623742454728368
3 0.4406589147286822 0.2024245472837022 0.05568475452196386 0.04775653923541245
3 0.43481912144702844 0.25177062374245474 0.07720930232558139 0.06625754527162979
0 0.6587467700258398 0.14015090543259556 0.10245478036175705 0.09567404426559359
0 0.5800000000000001 0.1387323943661972 0.07965116279069764 0.07388329979879275
0 0.516937984496124 0.13705231388329978 0.08273901808785525 0.08585513078470823
0 0.4394315245478036 0.13609657947686116 0.09751937984496126 0.09352112676056336