0 0.3798290598290598 0.134490022172949 0.09937321937321936 0.086430155210643
0 0.46497150997151 0.12764966740576494 0.09259259259259259 0.11097560975609759
0 0.5558547008547009 0.13451219512195123 0.10616809116809113 0.1035920177383592
0 0.6575925925925926 0.1424279379157428 0.08991452991452976 0.08776053215077607
3 0.6365669515669515 0.2054988913525499 0.07498575498575513 0.053470066518847024
3 0.4697150997150997 0.1925720620842572 0.09937321937321936 0.06983370288248338
3 0.3815242165242165 0.19308203991130823 0.07428774928774926 0.0769068736141907
3 0.3944301994301994 0.253270509977827 0.08715099715099708 0.07512195121951218
3 0.4727635327635328 0.2643569844789357 0.06478632478632482 0.0719623059866962
3 0.6511538461538462 0.2556430155210643 0.1312820512820514 0.08620842572062083
3 0.9943019943019943 0.8824833702882483 0.011396011396011397 0.07982261640798226
3 0.9871794871794872 0.9628603104212861 0.02564102564102564 0.07427937915742794
5 0.09971509971509972 0.988359201773836 0.10256410256410256 0.02328159645232816