0 0.5566748166259169 0.18090304182509506 0.08528117359413202 0.07410646387832698
0 0.48360635696821513 0.1750380228136882 0.07946210268948656 0.09515209125475288
0 0.4056112469437652 0.18092205323193916 0.09111246943765278 0.0888212927756654
0 0.31830073349633253 0.18770912547528518 0.07716381418092896 0.07524714828897341
3 0.3363447432762836 0.24178707224334603 0.06435207823960892 0.045846007604562755
3 0.47953545232273836 0.23070342205323194 0.08528117359413202 0.05987642585551332
3 0.5552200488997555 0.23114068441064642 0.0637530562347188 0.06594106463878327
3 0.5441442542787286 0.28274714828897335 0.07479217603911974 0.06441064638783268
3 0.47691931540342297 0.2922528517110266 0.055599022004889996 0.0617015209125475
3 0.3238264058679706 0.28478136882129274 0.11266503667481673 0.07391634980988593
3 0.017114914425427872 0.8222433460076045 0.034229828850855744 0.06844106463878327
3 0.023227383863080684 0.8940114068441065 0.04645476772616137 0.06939163498098859
5 0.7964792176039119 0.9437357414448668 0.08695599022004903 0.08138783269961967