0 0.45195238095238094 0.17806481481481481 0.08304761904761904 0.07218518518518517
0 0.5231071428571429 0.17235185185185184 0.07738095238095238 0.0926851851851852
0 0.5990595238095239 0.17808333333333334 0.08872619047619051 0.08651851851851852
0 0.6840833333333334 0.18469444444444444 0.07514285714285701 0.07329629629629632
3 0.6665119047619048 0.23737037037037037 0.06266666666666679 0.04465740740740742
3 0.5270714285714286 0.22657407407407407 0.08304761904761904 0.058324074074074084
3 0.4533690476190476 0.22700000000000004 0.0620833333333333 0.06423148148148151
3 0.4641547619047619 0.2772685185185185 0.07283333333333328 0.06274074074074074
3 0.5296190476190477 0.28652777777777777 0.054142857142857166 0.06010185185185182
3 0.678702380952381 0.27925 0.1097142857142858 0.072
3 0.9807261904761904 0.8034074074074073 0.03854761904761918 0.06624074074074071
3 0.9747738095238094 0.8730555555555556 0.05045238095238108 0.06798148148148155
5 0.21842857142857142 0.9211203703703703 0.08467857142857142 0.07927777777777768