0 0.4879375 0.14899029126213592 0.08541250000000006 0.0756893203883495
0 0.5578875 0.14737864077669904 0.08542500000000004 0.08008737864077671
0 0.6355500000000001 0.15916504854368932 0.09080000000000013 0.07593203883495143
0 0.7153125 0.149 0.09557500000000005 0.09071844660194174
3 0.6531125 0.8502233009708738 0.08068749999999994 0.08078640776699032
3 0.6766249999999999 0.6935242718446603 0.07294999999999988 0.0724077669902912
3 0.4950875 0.3856699029126214 0.071725 0.0723106796116505
3 0.3891375 0.32070873786407766 0.06638750000000002 0.05575728155339801
3 0.47901249999999995 0.21463106796116505 0.06041250000000005 0.051631067961165
3 0.4814 0.2506893203883495 0.07052499999999995 0.059320388349514586
3 0.5671125 0.21464077669902912 0.06340000000000004 0.06485436893203879
3 0.5689 0.26201941747572816 0.07411249999999996 0.06163106796116507
3 0.6915 0.20031067961165047 0.057475000000000026 0.06022330097087376
3 0.6965625 0.2617864077669903 0.06521250000000009 0.04267961165048547
3 0.7551875 0.2419126213592233 0.07296249999999986 0.06578640776699028
3 0.8385124999999999 0.1929126213592233 0.0991749999999999 0.07501941747572814
3 0.8468375 0.2576310679611651 0.10393750000000011 0.07873786407766993