0 0.49302469135802474 0.1754423076923077 0.08435802469135807 0.07496153846153844
0 0.5621111111111111 0.17384615384615384 0.08437037037037041 0.0793173076923077
0 0.6388148148148148 0.18551923076923077 0.08967901234567914 0.07520192307692306
0 0.7175925925925926 0.1754519230769231 0.09439506172839511 0.08984615384615384
3 0.6561604938271605 0.8699326923076923 0.07969135802469131 0.08000961538461542
3 0.6793827160493826 0.7147403846153847 0.07204938271604926 0.0717115384615384
3 0.5000864197530864 0.40984615384615386 0.0708395061728395 0.07161538461538464
3 0.39544444444444443 0.3455096153846154 0.06556790123456792 0.055221153846153795
3 0.48420987654320985 0.24045192307692306 0.059666666666666715 0.051134615384615334
3 0.4865679012345679 0.2761634615384615 0.06965432098765427 0.058750000000000024
3 0.5712222222222222 0.24046153846153845 0.06261728395061732 0.06423076923076919
3 0.5729876543209876 0.2873846153846154 0.07319753086419749 0.061038461538461555
3 0.6940740740740742 0.22626923076923075 0.05676543209876545 0.05964423076923074
3 0.6990740740740741 0.28715384615384615 0.0644074074074075 0.0422692307692308
3 0.7569753086419753 0.2674711538461539 0.0720617283950616 0.06515384615384615
3 0.8392716049382716 0.21894230769230769 0.09795061728395052 0.07429807692307691
3 0.8474938271604938 0.28303846153846157 0.10265432098765444 0.07798076923076926