0 0.5004166666666667 0.17542592592592593 0.08134523809523814 0.07218518518518517
0 0.5670357142857143 0.1738888888888889 0.08135714285714289 0.07637962962962964
0 0.641 0.18512962962962962 0.08647619047619053 0.07241666666666664
0 0.7169642857142857 0.1754351851851852 0.09102380952380956 0.08651851851851852
3 0.6577261904761905 0.8441944444444445 0.07684523809523804 0.07704629629629633
3 0.6801190476190475 0.6947500000000001 0.06947619047619036 0.0690555555555555
3 0.5072261904761904 0.40114814814814814 0.0683095238095238 0.06896296296296298
3 0.40632142857142856 0.3391944444444444 0.06322619047619049 0.053175925925925877
3 0.49191666666666667 0.23802777777777778 0.057535714285714336 0.049240740740740724
3 0.4941904761904762 0.27241666666666664 0.06716666666666662 0.056574074074074096
3 0.5758214285714286 0.23803703703703702 0.06038095238095241 0.06185185185185184
3 0.5775238095238096 0.2832222222222222 0.07058333333333329 0.0587777777777778
3 0.6942857142857144 0.22437037037037036 0.05473809523809526 0.05743518518518516
3 0.6991071428571428 0.283 0.062107142857142944 0.040703703703703735
3 0.7549404761904762 0.26404629629629633 0.06948809523809511 0.06274074074074074
3 0.834297619047619 0.2173148148148148 0.09445238095238086 0.07154629629629627
3 0.8422261904761905 0.27903703703703703 0.09898809523809535 0.07509259259259261