3 0.2283452380952381 0.21907407407407406 0.07504761904761907 0.057435185185185214
3 0.31394047619047616 0.27241666666666664 0.07392857142857145 0.061861111111111165
3 0.3958452380952381 0.27110185185185187 0.0699880952380952 0.059212962962963
3 0.3796904761904762 0.23560185185185184 0.07116666666666663 0.04703703703703702
3 0.4604642857142857 0.23781481481481478 0.06999999999999995 0.054351851851851866
3 0.46075 0.29049074074074077 0.07283333333333328 0.06803703703703705
3 0.5894166666666667 0.22700925925925922 0.08759523809523807 0.06273148148148146
3 0.5899880952380953 0.28652777777777777 0.059250000000000046 0.05481481481481486
3 0.7305595238095237 0.22700925925925924 0.09102380952380956 0.057435185185185214
3 0.7146904761904762 0.2631666666666667 0.10916666666666672 0.08566666666666665
0 0.38989285714285715 0.17762962962962964 0.0643571428571428 0.060722222222222205
0 0.4460119047619047 0.16903703703703704 0.04734523809523807 0.05147222222222225
0 0.5188452380952381 0.1763148148148148 0.06886904761904765 0.0635925925925926
0 0.595654761904762 0.1688240740740741 0.08192857142857135 0.06799999999999999