3 0.2225679347826087 0.14228329809725157 0.0856521739130435 0.06557082452431293
3 0.320258152173913 0.20318181818181816 0.08437500000000003 0.07062367864693453
3 0.41373641304347825 0.20168076109936578 0.0798777173913043 0.06760042283298102
3 0.39529891304347825 0.1611522198731501 0.08122282608695648 0.05369978858350947
3 0.4874864130434783 0.16367864693446085 0.07989130434782603 0.06205073995771675
3 0.4878125 0.22381606765327697 0.08312499999999994 0.07767441860465119
3 0.6346603260869565 0.1513424947145877 0.09997282608695643 0.07161733615221988
3 0.6353125000000001 0.21929175475687102 0.06762228260869563 0.0625792811839324
3 0.7957472826086956 0.15134249471458772 0.10388586956521743 0.06557082452431293
3 0.7776358695652175 0.19262156448202963 0.12459239130434789 0.0978012684989429
0 0.4069429347826087 0.09496828752642707 0.07345108695652167 0.06932346723044396
0 0.47099184782608694 0.08515856236786469 0.0540353260869565 0.058763213530655424
0 0.554116847826087 0.09346723044397462 0.0786005434782609 0.07260042283298097
0 0.6417798913043479 0.08491543340380552 0.09350543478260862 0.07763213530655391