3 0.15041333333333334 0.14896265560165975 0.08405333333333335 0.06434647302904567
3 0.24627999999999997 0.20872406639004148 0.08280000000000003 0.06930497925311209
3 0.33801333333333333 0.20725103734439837 0.07838666666666662 0.06633817427385896
3 0.31992 0.16747925311203318 0.07970666666666663 0.0526970954356846
3 0.4103866666666667 0.16995850622406636 0.07839999999999994 0.06089211618257266
3 0.4107066666666666 0.22897302904564318 0.08157333333333326 0.0762240663900415
3 0.5548133333333334 0.15785269709543565 0.09810666666666656 0.07028008298755187
3 0.5554533333333334 0.22453319502074687 0.06635999999999997 0.061410788381742784
3 0.7128933333333333 0.15785269709543567 0.10194666666666671 0.06434647302904567
3 0.6951200000000001 0.19836099585062245 0.12226666666666673 0.09597510373443982
0 0.3313466666666667 0.1025311203319502 0.07207999999999992 0.06802904564315351
0 0.3942 0.0929045643153527 0.053026666666666646 0.057665975103734474
0 0.4757733333333333 0.10105809128630704 0.07713333333333336 0.0712448132780083
0 0.5618000000000001 0.09266597510373445 0.09175999999999991 0.07618257261410788