0 0.725997267759563 0.11963829787234044 0.08494535519125691 0.06470212765957446
0 0.6385109289617487 0.12269148936170214 0.07964480874316934 0.08117021276595746
0 0.5454918032786885 0.13230851063829788 0.08096994535519123 0.08015957446808514
0 0.49312841530054646 0.11711702127659575 0.0660109289617487 0.08623404255319149
3 0.86551912568306 0.17738297872340428 0.08090163934426234 0.05079787234042553
3 0.7920218579234972 0.23360638297872338 0.09001366120218562 0.07817021276595747
3 0.7116803278688525 0.18904255319148935 0.06596994535519121 0.06396808510638298
3 0.6983469945355192 0.23817021276595743 0.07442622950819675 0.05689361702127661
3 0.6420901639344262 0.24070212765957447 0.06728142076502733 0.07006382978723406
3 0.6284289617486338 0.1913191489361702 0.05557377049180321 0.0502978723404255
3 0.4693852459016393 0.18675531914893617 0.06146174863387979 0.053329787234042546
3 0.4719945355191257 0.2493085106382979 0.06666666666666661 0.04069148936170213
3 0.32075136612021854 0.18752127659574472 0.07255464480874303 0.060925531914893596
3 0.32661202185792354 0.23994680851063832 0.09206284153005478 0.07462765957446806