0 0.7925000000000001 0.14149674620390457 0.0868435754189945 0.06596529284164858
0 0.703058659217877 0.14460954446854665 0.08142458100558653 0.08275488069414318
0 0.6079608938547486 0.15441431670281996 0.08277932960893852 0.0817245119305857
0 0.554427374301676 0.13892624728850325 0.06748603351955314 0.08791757049891541
3 0.9351396648044692 0.20036876355748373 0.08270949720670395 0.05178958785249458
3 0.86 0.25768980477223424 0.09202513966480429 0.07969631236442518
3 0.7778631284916202 0.21225596529284163 0.06744413407821225 0.0652169197396963
3 0.7642318435754191 0.26234273318872015 0.07608938547486035 0.05800433839479394
3 0.706717877094972 0.2649240780911063 0.06878491620111732 0.07143167028199568
3 0.6927513966480446 0.21457700650759218 0.05681564245810033 0.051279826464208214
3 0.5301536312849162 0.2099240780911063 0.06283519553072626 0.05437093275488069
3 0.5328212290502793 0.27369848156182214 0.06815642458100553 0.04148590021691974
3 0.3781983240223463 0.21070498915401306 0.07417597765363114 0.062114967462039025
3 0.38418994413407825 0.2641540130151844 0.09412011173184372 0.07608459869848154