0 0.2637738095238095 0.17542592592592593 0.07402380952380953 0.05631481481481481
0 0.3400119047619048 0.17808333333333334 0.06940476190476184 0.07064814814814815
0 0.42107142857142854 0.1864537037037037 0.0705595238095238 0.06976851851851854
0 0.4667023809523809 0.1732314814814815 0.05752380952380958 0.07505555555555556
3 0.1421904761904762 0.22568518518518518 0.07050000000000002 0.04421296296296296
3 0.20623809523809525 0.27462037037037035 0.07844047619047617 0.06803703703703705
3 0.27625 0.2358333333333333 0.05748809523809523 0.05567592592592592
3 0.28786904761904764 0.2785925925925926 0.06485714285714288 0.04951851851851854
3 0.33689285714285716 0.28079629629629627 0.05863095238095238 0.06098148148148149
3 0.3487976190476191 0.23781481481481478 0.04842857142857137 0.043777777777777756
3 0.4873928571428572 0.2338425925925926 0.05355952380952382 0.04641666666666666
3 0.4851190476190476 0.28828703703703706 0.05809523809523804 0.035416666666666666
3 0.6169166666666667 0.2345092592592593 0.06322619047619042 0.053027777777777785
3 0.6118095238095238 0.2801388888888889 0.08022619047619053 0.06495370370370368