3 0.10585956416464891 0.23301318267419965 0.08032687651331719 0.07051789077212804
3 0.16811138014527846 0.273135593220339 0.05958837772397098 0.05215630885122409
3 0.2450726392251816 0.22785310734463277 0.07516949152542376 0.05124293785310736
3 0.23901937046004842 0.26596045197740115 0.06306295399515742 0.050357815442561224
3 0.3058837772397095 0.2334557438794727 0.07461259079903147 0.05348399246704327
3 0.30387409200968524 0.28075329566854995 0.08210653753026627 0.058427495291902026
3 0.4436561743341404 0.22874764595103578 0.07578692493946734 0.05483050847457629
3 0.4413559322033898 0.2744821092278719 0.07348668280871676 0.049463276836158164
3 0.5678813559322033 0.23009416195856874 0.07985472154963685 0.0629001883239171
3 0.5886319612590798 0.2836723163841808 0.07985472154963685 0.0606685499058381
0 0.43933414043583535 0.1780885122410546 0.06023002421307506 0.05929378531073449
0 0.3788014527845036 0.17652542372881355 0.06366828087167074 0.0543596986817326
0 0.309636803874092 0.1830225988700565 0.05674334140435836 0.06557438794726929
0 0.23238498789346246 0.16552730696798493 0.06548426150121069 0.06624293785310731
5 0.447409200968523 0.9292467043314502 0.11325665859564159 0.0770338983050847