3 0.11242857142857142 0.23561111111111113 0.07898809523809523 0.06934259259259261
3 0.17364285714285715 0.2750648148148148 0.05859523809523811 0.05128703703703703
3 0.24932142857142858 0.23053703703703704 0.0739166666666667 0.05038888888888891
3 0.24336904761904762 0.2680092592592592 0.0620119047619048 0.04951851851851854
3 0.3091190476190476 0.2360462962962963 0.07336904761904761 0.05259259259259258
3 0.30714285714285716 0.28255555555555556 0.08073809523809519 0.05745370370370366
3 0.44459523809523804 0.23141666666666666 0.07452380952380955 0.05391666666666668
3 0.44233333333333336 0.2763888888888889 0.07226190476190482 0.048638888888888863
3 0.56675 0.23274074074074075 0.07852380952380957 0.06185185185185184
3 0.5871547619047618 0.2854259259259259 0.0785238095238095 0.059657407407407465
0 0.44034523809523807 0.18160185185185185 0.059226190476190474 0.05830555555555558
0 0.38082142857142853 0.18006481481481482 0.06260714285714289 0.05345370370370372
0 0.3128095238095238 0.1864537037037037 0.055797619047619054 0.06448148148148147
0 0.23684523809523808 0.16924999999999998 0.06439285714285718 0.06513888888888886
5 0.4482857142857143 0.9202407407407408 0.11136904761904756 0.07575000000000005