3 0.10444987775061125 0.2181178707224335 0.08111246943765281 0.07118821292775664
3 0.16731051344743278 0.2586216730038023 0.06017114914425431 0.05265209125475284
3 0.24502444987775063 0.21290874524714828 0.07590464547677266 0.0517300380228137
3 0.23891198044009782 0.2513783269961977 0.06367970660146703 0.0508365019011407
3 0.3064303178484108 0.21856463878326998 0.07534229828850855 0.053992395437262315
3 0.30440097799511 0.26631178707224334 0.08290953545232266 0.05898288973384026
3 0.4455501222493887 0.21381178707224335 0.07652811735941323 0.055351711026615985
3 0.4432273838630807 0.2599809885931559 0.0742053789731052 0.0499334600760456
3 0.5709902200488998 0.21517110266159697 0.08063569682151593 0.06349809885931555
3 0.5919437652811735 0.26925855513307984 0.08063569682151593 0.061245247148289036
0 0.44118581907090465 0.16267110266159696 0.06081907090464548 0.059857414448669224
0 0.38006112469437653 0.16109315589353612 0.06429095354523232 0.054876425855513326
0 0.31022004889975546 0.16765209125475286 0.05729828850855746 0.0661977186311787
0 0.2322127139364303 0.14999049429657793 0.06612469437652815 0.06687262357414446
5 0.4493398533007335 0.9209695817490495 0.11436430317848405 0.07776615969581743