5 0.49900000000000005 0.9195648148148148 0.10230952380952374 0.10014814814814822
7 0.35107142857142853 0.35904629629629625 0.05749999999999995 0.05527777777777782
7 0.4273095238095238 0.3599259259259259 0.07848809523809518 0.05351851851851848
7 0.35191666666666666 0.31936111111111115 0.06323809523809525 0.045250000000000005
7 0.4196547619047619 0.32422222222222224 0.0563809523809524 0.050861111111111065
3 0.2901309523809524 0.27990740740740744 0.0757142857142857 0.06421296296296299
3 0.28048809523809526 0.23229629629629628 0.07004761904761908 0.053648148148148174
3 0.3570238095238095 0.2772685185185185 0.07621428571428569 0.06274074074074074
3 0.4267380952380952 0.271537037037037 0.05241666666666663 0.04775000000000005
3 0.50525 0.2772685185185185 0.055261904761904714 0.041583333333333306
3 0.4151190476190476 0.23339814814814813 0.06378571428571433 0.04791666666666667
3 0.4913571428571429 0.2375925925925926 0.0864404761904762 0.046861111111111124
0 0.2923928571428572 0.1771851851851852 0.10065476190476189 0.09687037037037037
0 0.3541785714285714 0.17630555555555555 0.060964285714285756 0.06865740740740744
0 0.41427380952380954 0.18337037037037035 0.06374999999999995 0.06006481481481482
0 0.501 0.1816111111111111 0.08077380952380955 0.07417592592592594