5 0.5151515151515151 0.949901768172888 0.10858585858585859 0.10019646365422397
7 0.3584595959595959 0.35832023575638505 0.060984848484848427 0.05864440078585466
7 0.43931818181818183 0.35925343811394894 0.08324494949494943 0.05677799607072687
7 0.3593560606060606 0.3162180746561886 0.06707070707070707 0.04800589390962672
7 0.43119949494949494 0.3213752455795678 0.059797979797979815 0.05395874263261292
3 0.2938257575757576 0.2743614931237721 0.08030303030303033 0.06812377210216113
3 0.2835984848484849 0.22385068762278978 0.07429292929292933 0.05691552062868375
3 0.36477272727272725 0.27156188605108056 0.08083333333333331 0.06656188605108054
3 0.43871212121212116 0.26548133595284873 0.055593434343434306 0.05065815324165034
3 0.5219823232323233 0.27156188605108056 0.05861111111111106 0.04411591355599211
3 0.4263888888888889 0.22501964636542238 0.0676515151515152 0.05083497053045186
3 0.5072474747474748 0.2294695481335953 0.09167929292929294 0.04971512770137526
0 0.2962247474747475 0.16538310412573676 0.10675505050505045 0.10277013752455796
0 0.36175505050505047 0.1644499017681729 0.06465909090909096 0.07283889980353637
0 0.4254924242424242 0.17194499017681728 0.0676136363636363 0.0637229862475442
0 0.5174747474747474 0.17007858546168958 0.08566919191919195 0.07869351669941062