7 0.6914804469273743 0.39671366594360086 0.06745810055865915 0.06475054229934929
7 0.6020391061452514 0.39774403470715836 0.09208100558659212 0.06268980477223422
7 0.6904888268156424 0.35022776572668113 0.07418994413407838 0.05300433839479393
7 0.6110195530726257 0.35592190889370934 0.06614525139664806 0.05957700650759214
3 0.7629748603351955 0.3040130151843818 0.08882681564245798 0.07521691973969634
3 0.7742877094972067 0.24824295010845987 0.08217877094972055 0.06284164859002175
3 0.6844972067039107 0.3009219088937093 0.08941340782122903 0.07349240780911062
3 0.602709497206704 0.29420824295010845 0.06149441340782119 0.0559327548806942
3 0.5106005586592178 0.3009219088937093 0.06483240223463682 0.048709327548806906
3 0.616340782122905 0.24953362255965292 0.07483240223463693 0.056127982646420826
3 0.5268994413407821 0.2544468546637744 0.10141061452513968 0.05489154013015186
0 0.7603212290502793 0.18368763557483733 0.11808659217877089 0.113470715835141
0 0.6878351955307263 0.18265726681127983 0.07152234636871513 0.08042299349240785
0 0.6173324022346368 0.19093275488069414 0.07479050279329602 0.07035791757049892
0 0.515586592178771 0.18887201735357917 0.09476256983240226 0.08688720173535794