5 0.6835038363171355 0.967196819085487 0.0907928388746803 0.06560636182902585
1 0.5726726342710997 0.5122465208747515 0.05508951406649622 0.055596421471173024
1 0.6238107416879796 0.4904671968190855 0.04965473145780056 0.06177932405566598
1 0.6079795396419437 0.39060636182902586 0.04478260869565215 0.060864811133200816
1 0.4301918158567775 0.2853081510934393 0.05268542199488497 0.06735586481113319
1 0.4816496163682864 0.25524850894632206 0.03805626598465472 0.057127236580516924
7 0.7413299232736573 0.4481113320079523 0.09230179028133001 0.05374751491053683
7 0.7480306905370845 0.3790059642147117 0.07890025575447576 0.06323061630218689
7 0.6475575447570332 0.3742842942345924 0.04897698209718664 0.05981113320079519
7 0.6752685421994884 0.3207952286282306 0.052710997442455276 0.06041749502982104
7 0.570230179028133 0.3219880715705766 0.04777493606138109 0.05364811133200798
7 0.5952046035805626 0.254065606361829 0.07034526854219948 0.057594433399602324
7 0.4856010230179028 0.25265407554671965 0.06118925831202049 0.07018886679920479
3 0.600076726342711 0.2968986083499006 0.06791560102301793 0.06089463220675943
3 0.534309462915601 0.2545526838966203 0.06361892583120204 0.08343936381709735
3 0.440230179028133 0.2488667992047714 0.08373401534526856 0.05503976143141154
3 0.3059718670076726 0.2443737574552684 0.08923273657288999 0.06119284294234593
3 0.32058823529411773 0.2912326043737575 0.10384910485933509 0.0754075546719682
3 0.15710997442455243 0.2479224652087475 0.13127877237851673 0.06829025844930417
3 0.16562659846547312 0.2926441351888668 0.11180306905370851 0.0782405566600398
0 0.3224168797953964 0.18616302186878728 0.10019181585677737 0.08104373757455272
0 0.534309462915601 0.19537773359840954 0.11904092071611257 0.08222664015904575
0 0.454539641943734 0.18874751491053676 0.079462915601023 0.086013916500994
0 0.38086956521739135 0.18449304174950298 0.07826086956521745 0.07749502982107354
7 0.512992327365729 0.2083996023856859 0.05753196930946293 0.037266401590457264
7 0.4250127877237852 0.20910536779324057 0.05328644501278767 0.041520874751491035