5 0.319047619047619 0.9123055555555555 0.08413095238095236 0.08103703703703702
1 0.4216309523809524 0.4780740740740741 0.05128571428571434 0.05178703703703704
1 0.37402380952380954 0.45778703703703705 0.046226190476190525 0.057546296296296276
1 0.38876190476190475 0.3647685185185185 0.04169047619047617 0.056694444444444464
1 0.5542738095238094 0.2666851851851852 0.049047619047619104 0.06274074074074074
1 0.5063690476190477 0.23868518518518517 0.03542857142857142 0.05321296296296299
7 0.26461904761904764 0.41833333333333333 0.08592857142857144 0.05006481481481486
7 0.2583809523809524 0.3539629629629629 0.07345238095238094 0.05889814814814816
7 0.35191666666666666 0.3495648148148148 0.04559523809523804 0.05571296296296292
7 0.32611904761904764 0.29974074074074075 0.049071428571428606 0.05627777777777775
7 0.4239047619047619 0.30085185185185187 0.044476190476190496 0.049972222222222244
7 0.4006547619047619 0.2375833333333333 0.06548809523809523 0.05364814814814812
7 0.5026904761904761 0.2362685185185185 0.05696428571428574 0.06537962962962962
3 0.39611904761904765 0.2774814814814815 0.06322619047619049 0.056722222222222216
3 0.45734523809523814 0.23803703703703702 0.059226190476190474 0.07772222222222219
3 0.5449285714285714 0.23274074074074075 0.07795238095238097 0.051268518518518526
3 0.6699166666666667 0.22855555555555557 0.08307142857142853 0.057
3 0.6563095238095238 0.2722037037037037 0.09667857142857147 0.07024074074074076
3 0.8085 0.2318611111111111 0.12221428571428582 0.0636111111111111
3 0.8005714285714286 0.2735185185185185 0.1040833333333334 0.07287962962962967
0 0.6546071428571428 0.17433333333333334 0.09327380952380948 0.07549074074074077
0 0.45734523809523814 0.18291666666666667 0.11082142857142861 0.07659259259259261
0 0.5316071428571428 0.17674074074074073 0.07397619047619046 0.08012037037037034
0 0.6001904761904762 0.17277777777777778 0.07285714285714284 0.07218518518518517
7 0.47719047619047616 0.1950462962962963 0.05355952380952382 0.03471296296296297
7 0.5590952380952381 0.1957037037037037 0.04960714285714281 0.03867592592592591