5 0.7052429667519181 0.9612326043737575 0.0907928388746803 0.0775347912524851
1 0.5944117647058823 0.5003180914512922 0.05508951406649622 0.055596421471173024
1 0.6455498721227622 0.4785387673956263 0.04965473145780056 0.06177932405566598
1 0.6297186700767263 0.3786779324055666 0.04478260869565215 0.060864811133200816
1 0.4519309462915601 0.2733797216699801 0.05268542199488497 0.06735586481113319
1 0.503388746803069 0.2433200795228628 0.03805626598465472 0.057127236580516924
7 0.7630690537084399 0.43618290258449305 0.09230179028133001 0.05374751491053683
7 0.7697698209718671 0.36707753479125244 0.07890025575447576 0.06323061630218689
7 0.6692966751918158 0.3623558648111332 0.04897698209718664 0.05981113320079519
7 0.697007672634271 0.3088667992047714 0.052710997442455276 0.06041749502982104
7 0.5919693094629156 0.3100596421471173 0.04777493606138109 0.05364811133200798
7 0.6169437340153453 0.24213717693836975 0.07034526854219948 0.057594433399602324
7 0.5073401534526855 0.2407256461232604 0.06118925831202049 0.07018886679920479
3 0.6218158567774936 0.28497017892644133 0.06791560102301807 0.06089463220675943
3 0.5560485933503836 0.24262425447316102 0.06361892583120204 0.08343936381709735
3 0.4619693094629156 0.23693836978131214 0.08373401534526856 0.05503976143141154
3 0.32771099744245524 0.23244532803180915 0.08923273657288999 0.06119284294234593
3 0.3423273657289003 0.27930417495029825 0.10384910485933509 0.0754075546719682
3 0.17884910485933506 0.23599403578528827 0.13127877237851673 0.06829025844930417
3 0.18736572890025574 0.28071570576540755 0.11180306905370851 0.0782405566600398
0 0.344156010230179 0.17423459244532805 0.10019181585677737 0.08104373757455272
0 0.5560485933503836 0.1834493041749503 0.11904092071611257 0.08222664015904575
0 0.4762787723785166 0.17681908548707753 0.079462915601023 0.086013916500994
0 0.40260869565217394 0.17256461232604373 0.07826086956521745 0.07749502982107354
7 0.5347314578005116 0.19647117296222666 0.05753196930946293 0.037266401590457264
7 0.4467519181585678 0.1971769383697813 0.05328644501278767 0.041520874751491035