1 0.7439678284182306 0.9728601252609603 0.05093833780160858 0.054279749478079335
1 0.7729490616621983 0.9552087682672235 0.04187667560321717 0.04930062630480169
7 0.6089142091152815 0.7673590814196242 0.08198391420911524 0.06990605427974951
7 0.5019973190348526 0.6706993736951983 0.09412868632707778 0.08130480167014624
7 0.6022117962466488 0.5163778705636743 0.07310991957104553 0.07231732776617951
7 0.5310455764075067 0.5740396659707724 0.06412868632707779 0.07481210855949903
7 0.48061662198391425 0.5760229645093946 0.09349865951742628 0.08872651356993737
7 0.3555227882037534 0.4873173277661796 0.07309651474530827 0.08422755741127354
3 0.40721179624664877 0.2668997912317328 0.12286863270777476 0.07470772442588731
3 0.33924932975871314 0.23334029227557412 0.07816353887399471 0.05799582463465559
3 0.27573726541554966 0.23807933194154487 0.07439678284182305 0.07271398747390394
3 0.12797587131367297 0.2236638830897704 0.08910187667560325 0.05978079331941543
3 0.10756032171581771 0.27957202505219203 0.0942091152815013 0.07620041753653445
0 0.11042895442359249 0.15582463465553237 0.08847184986595175 0.06721294363256783
0 0.34148793565683644 0.1585490605427975 0.09284182305630026 0.07839248434237998
0 0.2811662198391421 0.15384133611691023 0.1120509383378015 0.10101252609603338
0 0.18383378016085788 0.15085594989561588 0.08973190348525477 0.08312108559498955