1 0.2291904761904762 0.9010648148148148 0.04501190476190477 0.05149074074074065
1 0.20283333333333334 0.8834166666666667 0.037190476190476204 0.043731481481481496
7 0.34851190476190474 0.7167870370370371 0.07280952380952377 0.062009259259259285
7 0.4434642857142857 0.6310462962962963 0.08359523809523813 0.07212037037037046
7 0.35446428571428573 0.49415740740740743 0.06492857142857139 0.06414814814814812
7 0.41766666666666663 0.5453055555555555 0.05695238095238099 0.06636111111111118
7 0.46245238095238095 0.5470648148148148 0.08303571428571428 0.0787037037037037
7 0.573547619047619 0.46837962962962965 0.06491666666666664 0.07471296296296301
3 0.5276428571428572 0.2728611111111111 0.10911904761904759 0.06626851851851856
3 0.588 0.2430925925925926 0.06941666666666674 0.05144444444444447
3 0.6444047619047618 0.2472962962962963 0.06607142857142857 0.06449999999999997
3 0.7756309523809524 0.2345092592592593 0.07913095238095241 0.053027777777777785
3 0.7937619047619048 0.2841018518518518 0.08366666666666664 0.06759259259259259
3 0.9136547619047619 0.23098148148148148 0.07179761904761899 0.0547962962962963
3 0.9210238095238095 0.27903703703703703 0.08426190476190473 0.08037962962962958
0 0.7912142857142858 0.17433333333333334 0.07857142857142857 0.05962037037037036
0 0.5860119047619048 0.17675 0.08245238095238094 0.06953703703703706
0 0.6395833333333333 0.17257407407407407 0.09951190476190473 0.08960185185185184
0 0.7260238095238095 0.16992592592592592 0.07969047619047626 0.07373148148148148