1 0.19380952380952382 0.8931584362139917 0.050013227513227516 0.0572119341563785
1 0.16452380952380952 0.8735493827160494 0.04132275132275134 0.04859053497942389
7 0.3263888888888889 0.6884053497942387 0.08089947089947086 0.06889917695473254
7 0.4318915343915344 0.5931378600823045 0.09288359788359792 0.08013374485596718
7 0.3330026455026455 0.4410390946502058 0.07214285714285709 0.07127572016460902
7 0.4032275132275132 0.4978703703703703 0.06328042328042333 0.07373456790123464
7 0.45298941798941794 0.49982510288065846 0.09226190476190477 0.0874485596707819
7 0.5764285714285714 0.4123971193415638 0.0721296296296296 0.08301440329218113
3 0.5254232804232805 0.1951543209876543 0.1212433862433862 0.07363168724279841
3 0.5924867724867725 0.16207818930041154 0.07712962962962971 0.057160493827160555
3 0.65515873015873 0.1667489711934156 0.07341269841269842 0.07166666666666663
3 0.8009656084656084 0.15254115226337453 0.08792328042328046 0.05891975308641974
3 0.8211111111111111 0.2076440329218107 0.09296296296296293 0.07510288065843622
3 0.9543253968253969 0.14862139917695474 0.07977513227513221 0.06088477366255145
3 0.9576719576719577 0.20113168724279834 0.08465608465608465 0.08950617283950617
0 0.8182804232804233 0.08567901234567901 0.0873015873015873 0.06624485596707817
0 0.5902777777777778 0.08836419753086418 0.0916137566137566 0.07726337448559673
0 0.6498015873015873 0.08372427983539094 0.11056878306878296 0.09955761316872426
0 0.7458465608465609 0.08078189300411524 0.08854497354497362 0.08192386831275719