0 0.5004166666666667 0.18071296296296296 0.06092857142857137 0.0827685185185185
0 0.5599404761904763 0.18006481481481482 0.06491666666666664 0.06403703703703706
0 0.6248452380952381 0.16507407407407407 0.08136904761904758 0.07813888888888888
0 0.7053452380952381 0.1688240740740741 0.09725000000000006 0.06271296296296298
7 0.44629761904761905 0.37822222222222224 0.07792857142857147 0.0566111111111111
7 0.4519642857142857 0.3303888888888889 0.10060714285714284 0.04909259259259258
7 0.7739285714285714 0.32443518518518516 0.062130952380952446 0.042481481481481474
7 0.7776071428571429 0.36565740740740743 0.07855952380952382 0.05263888888888891
3 0.4199404761904762 0.27396296296296296 0.10683333333333335 0.06142592592592595
3 0.4978809523809524 0.2360462962962963 0.06999999999999995 0.04200925925925926
3 0.5840357142857142 0.24200000000000002 0.08135714285714289 0.05391666666666668
3 0.7101547619047619 0.23450925925925928 0.1046309523809525 0.0636111111111111
3 0.7141309523809524 0.28212037037037035 0.10348809523809531 0.06362962962962966
3 0.8427976190476191 0.2267962962962963 0.08424999999999998 0.05523148148148146
3 0.8447857142857143 0.2768240740740741 0.09728571428571432 0.053046296296296265