0 0.5202196382428941 0.1561066398390342 0.06612403100775187 0.08992957746478872
0 0.45562015503875963 0.15540241448692152 0.0704521963824289 0.06957746478873242
0 0.38518087855297156 0.13911468812877265 0.08830749354005156 0.0848993963782696
0 0.29781653746770026 0.14318913480885312 0.1055426356589148 0.06813883299798795
7 0.578953488372093 0.37070422535211267 0.08457364341085276 0.06150905432595572
7 0.5728036175710595 0.31873239436619716 0.1091860465116279 0.05334004024144867
7 0.22338501291989663 0.3122635814889336 0.06742894056847552 0.04615694164989939
7 0.21939276485788106 0.35705231388329983 0.08525839793281655 0.05719315895372236
3 0.6075581395348837 0.25742454728370223 0.11594315245478037 0.06674044265593565
3 0.5229715762273901 0.21622736418511068 0.07596899224806196 0.04564386317907445
3 0.42947028423772615 0.22269617706237427 0.0882945736434109 0.05858148893360163
3 0.29259689922480625 0.21455734406438634 0.11355297157622751 0.06911468812877263
3 0.28828165374677 0.2662877263581489 0.1123126614987081 0.06913480885311873
3 0.14864341085271313 0.20617706237424546 0.09143410852713175 0.06001006036217302
3 0.1464857881136951 0.26053319919517104 0.10558139534883725 0.05763581488933598