0 0.5371603260869565 0.18199788583509513 0.0695380434782608 0.09449260042283297
0 0.6050951086956522 0.18125792811839322 0.07408967391304344 0.07310782241014802
0 0.6791711956521739 0.16414376321353066 0.09286684782608683 0.08920718816067652
0 0.7710461956521739 0.16842494714587739 0.11099184782608704 0.07159619450317127
7 0.4753940217391304 0.40748414376321357 0.0889402173913044 0.06463002114164904
7 0.48186141304347824 0.3528752642706131 0.11482336956521738 0.056046511627906956
7 0.8493206521739131 0.3460782241014799 0.07091032608695659 0.04849894291754756
7 0.8535190217391305 0.39313953488372094 0.08966032608695654 0.06009513742071884
3 0.4453125 0.28845665961945033 0.12192934782608697 0.07012684989429178
3 0.5342663043478261 0.245169133192389 0.07989130434782603 0.047959830866807614
3 0.6325951086956522 0.2519661733615222 0.09285326086956526 0.061553911205074016
3 0.7765353260869565 0.24341437632135307 0.11941576086956536 0.07262156448202958
3 0.7810733695652174 0.29776955602537 0.11811141304347834 0.07264270613107825
3 0.927921195652174 0.23460887949260043 0.0961548913043478 0.06305496828752641
3 0.9301902173913044 0.29172304439746305 0.11103260869565221 0.06056025369978855