3 0.6588421052631579 0.2197233606557377 0.06668421052631557 0.05186475409836066
3 0.5773947368421053 0.17679303278688527 0.09176315789473685 0.05575819672131143
3 0.5109868421052632 0.19143442622950818 0.06421052631578941 0.06161885245901638
3 0.37817105263157896 0.16850409836065575 0.06924999999999999 0.06063524590163935
3 0.36376315789473673 0.21875 0.07802631578947362 0.05967213114754099
3 0.20901315789473687 0.17728483606557374 0.06927631578947381 0.04307377049180324
3 0.21182894736842106 0.2319159836065574 0.08619736842105262 0.056752049180327856
7 0.29985526315789474 0.26850409836065575 0.08555263157894734 0.05969262295081966
7 0.2964078947368421 0.3109426229508197 0.08242105263157908 0.04507172131147542
7 0.67075 0.26581967213114754 0.07544736842105282 0.056270491803278644
7 0.6626052631578946 0.31435450819672134 0.05915789473684215 0.04409836065573767
0 0.5761447368421053 0.09923155737704917 0.08173684210526316 0.07621926229508195
0 0.5213289473684211 0.09850409836065573 0.08111842105263155 0.06890368852459017
0 0.4452105263157895 0.10996926229508198 0.09053947368421046 0.06646516393442624
0 0.3693947368421053 0.09387295081967213 0.10432894736842101 0.09280737704918031