3 0.3241428571428571 0.2772685185185185 0.06033333333333331 0.046870370370370375
3 0.3978333333333333 0.23847222222222222 0.08302380952380954 0.05038888888888888
3 0.45791666666666664 0.2517037037037037 0.05809523809523804 0.05568518518518517
3 0.5780833333333333 0.23098148148148148 0.0626547619047619 0.0547962962962963
3 0.5911190476190478 0.2763888888888889 0.07059523809523811 0.05392592592592593
3 0.7311309523809524 0.23891666666666664 0.06267857142857154 0.03892592592592592
3 0.7285833333333334 0.28828703703703706 0.07798809523809523 0.05128703703703703
7 0.6489404761904762 0.32135185185185183 0.07740476190476188 0.053944444444444434
7 0.6520595238095238 0.35970370370370375 0.07457142857142869 0.04073148148148149
7 0.31336904761904766 0.31892592592592595 0.0682619047619048 0.050851851851851815
7 0.32073809523809527 0.362787037037037 0.053523809523809536 0.03985185185185182
0 0.3989642857142857 0.16837962962962963 0.07395238095238096 0.06887962962962961
0 0.44855952380952385 0.16772222222222222 0.07339285714285712 0.06226851851851852
0 0.5174285714285715 0.17808333333333334 0.0819166666666666 0.06006481481481482
0 0.5860238095238095 0.16353703703703704 0.0943928571428571 0.08387037037037036