3 0.2857065217391304 0.2330338266384778 0.06885869565217384 0.053509513742071885
3 0.3698097826086957 0.18874207188160677 0.09475543478260871 0.05752642706131074
3 0.438383152173913 0.20384778012684987 0.06630434782608689 0.06357293868921775
3 0.5755298913043478 0.18019027484143765 0.07150815217391304 0.06255813953488373
3 0.5904076086956522 0.23202959830866807 0.08057065217391299 0.06156448202959832
3 0.7502038043478261 0.18924947145877374 0.07153532608695665 0.04443974630021138
3 0.7472961956521739 0.24561310782241016 0.08900815217391303 0.05855179704016912
7 0.6563994565217391 0.2833615221987315 0.0883423913043478 0.06158562367864692
7 0.6599592391304349 0.32714587737843553 0.08510869565217405 0.04650105708245244
7 0.27341032608695653 0.2805919661733615 0.07790760869565222 0.05805496828752638
7 0.28182065217391306 0.33066596194503173 0.06108695652173918 0.045496828752642667
0 0.3711005434782609 0.10872093023255813 0.08440217391304349 0.07863636363636362
0 0.4277038043478261 0.10797040169133192 0.08376358695652171 0.07108879492600423
0 0.5063043478260869 0.11979915433403807 0.09349184782608688 0.06857293868921777
0 0.5845923913043478 0.1031923890063425 0.10773097826086951 0.0957505285412262