0 0.26179761904761906 0.17345370370370372 0.0761904761904762 0.07725925925925926
0 0.33830952380952384 0.1763148148148148 0.07960714285714286 0.06887962962962961
0 0.40548809523809526 0.17719444444444446 0.07111904761904762 0.06183333333333331
0 0.47095238095238096 0.1567037037037037 0.10003571428571426 0.09488888888888891
3 0.20623809523809525 0.2818981481481481 0.05123809523809526 0.0349722222222222
3 0.25952380952380955 0.2331851851851852 0.0875238095238095 0.06096296296296294
3 0.34454761904761905 0.23561111111111113 0.07394047619047621 0.05347222222222225
3 0.4766190476190476 0.24001851851851855 0.06829761904761905 0.039370370370370354
3 0.47719047619047616 0.2841018518518518 0.06716666666666662 0.04643518518518516
3 0.6160595238095238 0.23230555555555554 0.06833333333333337 0.06273148148148149
3 0.6166309523809524 0.2818981481481481 0.06719047619047626 0.04025925925925928
7 0.5333095238095238 0.3156203703703704 0.09098809523809531 0.05482407407407411
7 0.5435119047619048 0.3720462962962963 0.06377380952380958 0.03191666666666669
7 0.22721428571428573 0.3195925925925926 0.08411904761904758 0.04160185185185181
7 0.2121904761904762 0.36741666666666667 0.05634523809523807 0.03852777777777779
5 0.6475238095238095 0.9204629629629629 0.11084523809523804 0.08324074074074073