0 0.22482005141388176 0.11233000000000001 0.08226221079691516 0.08344
0 0.30742930591259643 0.11541999999999998 0.08595115681233934 0.07438999999999998
0 0.37996143958868894 0.11637 0.07678663239074551 0.06677999999999998
0 0.45064267352185094 0.09424 0.10800771208226218 0.10248000000000002
3 0.1648329048843188 0.22945 0.055321336760925474 0.037769999999999984
3 0.22236503856041132 0.17684 0.09449871465295627 0.06583999999999998
3 0.31416452442159387 0.17946000000000004 0.07983290488431878 0.05775
3 0.45676092544987146 0.18422000000000002 0.07374035989717224 0.04251999999999998
3 0.4573778920308483 0.23182999999999998 0.07251928020565547 0.05014999999999998
3 0.6073136246786632 0.17589 0.0737789203084834 0.06775
3 0.6079305912596401 0.22945 0.07254498714652963 0.04348000000000002
7 0.5179691516709511 0.26587 0.09823907455012862 0.05921000000000003
7 0.5289845758354756 0.32681 0.06885604113110547 0.03447000000000003
7 0.1874807197943445 0.27016 0.09082262210796911 0.04492999999999995
7 0.17125964010282776 0.32181 0.06083547557840615 0.041610000000000015
5 0.6412853470437018 0.9190999999999999 0.11967866323907442 0.08990000000000009