0 0.7094533333333334 0.15698132780082988 0.08533333333333333 0.08655601659751037
0 0.62376 0.16018672199170123 0.08916 0.07716804979253111
0 0.54852 0.16117219917012449 0.07965333333333334 0.0692738589211618
0 0.47519999999999996 0.13821576763485477 0.11203999999999996 0.10630705394190873
3 0.77168 0.27847510373443984 0.05738666666666662 0.039180497925311183
3 0.712 0.22390041493775933 0.09802666666666664 0.06829875518672196
3 0.6167733333333333 0.22661825726141083 0.08281333333333335 0.05990663900414938
3 0.4688533333333333 0.2315560165975104 0.07649333333333334 0.04410788381742737
3 0.46821333333333337 0.2809439834024896 0.07522666666666661 0.05202282157676346
3 0.31268 0.22291493775933607 0.07653333333333345 0.07028008298755187
3 0.31204 0.27847510373443984 0.07525333333333341 0.045103734439834044
7 0.40536 0.3162551867219917 0.10190666666666676 0.06142116182572618
7 0.3939333333333333 0.37947095435684647 0.07142666666666674 0.03575726141078841
7 0.7481866666666667 0.3207053941908714 0.09421333333333344 0.04660788381742734
7 0.7650133333333333 0.37428423236514524 0.06310666666666657 0.04316390041493778
5 0.278 0.9735477178423236 0.124 0.052904564315352696