5 0.3434166666666667 0.9186944444444445 0.1170238095238095 0.08148148148148149
7 0.18470238095238095 0.35970370370370375 0.07390476190476189 0.05660185185185185
7 0.17392857142857143 0.32069444444444445 0.06823809523809524 0.05262037037037041
7 0.5060952380952382 0.31672222222222224 0.06377380952380958 0.05526851851851847
3 0.5684523809523809 0.28630555555555554 0.06832142857142856 0.06318518518518519
3 0.16486904761904764 0.28255555555555556 0.08636904761904764 0.05745370370370366
3 0.2555595238095238 0.23935185185185184 0.06145238095238096 0.05391666666666668
3 0.31139285714285714 0.2393611111111111 0.07563095238095235 0.06449999999999997
3 0.4570714285714286 0.2248055555555555 0.08359523809523813 0.0512685185185185
3 0.45253571428571426 0.2733055555555556 0.0926666666666667 0.06010185185185182
3 0.5905595238095237 0.23406481481481478 0.0785238095238095 0.053916666666666654
0 0.44516666666666665 0.17367592592592593 0.093797619047619 0.07417592592592594
0 0.3782738095238095 0.1813888888888889 0.07110714285714288 0.0613888888888889
0 0.31222619047619043 0.17233333333333334 0.09952380952380956 0.07659259259259261
0 0.2515833333333333 0.1787314814814815 0.07345238095238094 0.07086111111111114