5 0.6714659685863874 0.9735234215885947 0.12827225130890052 0.05295315682281059
7 0.8453534031413613 0.37727087576374746 0.08125654450261771 0.06225050916496944
7 0.8571989528795811 0.3343686354378819 0.07502617801047112 0.057871690427698616
7 0.49198952879581154 0.33 0.07011780104712048 0.060784114052953093
3 0.42342931937172773 0.2965478615071283 0.0751178010471204 0.06949083503054991
3 0.8671596858638744 0.2924236252545825 0.09496073298429314 0.06318737270875759
3 0.7674476439790576 0.24490835030549898 0.06756544502617816 0.059297352342158875
3 0.7060602094240839 0.24491853360488797 0.08315445026178007 0.07093686354378816
3 0.545890052356021 0.22891038696537674 0.09191099476439794 0.05638492871690428
3 0.5508769633507854 0.28225050916496947 0.10188481675392674 0.06609979633401218
3 0.3991230366492147 0.23909368635437878 0.08633507853403147 0.059297352342158875
0 0.558979057591623 0.17267820773930753 0.10312827225130886 0.08157841140529533
0 0.6325261780104712 0.18116089613034625 0.07818062827225133 0.06751527494908352
0 0.7051439790575916 0.17120162932790225 0.10942408376963339 0.08423625254582487
0 0.7718193717277486 0.17823828920570264 0.08075916230366498 0.07793279022403261