5 0.33791566265060247 0.9224625468164794 0.11843373493975898 0.08239700374531835
7 0.17728915662650604 0.3571910112359551 0.07479518072289154 0.0572378277153558
7 0.16638554216867468 0.31774344569288393 0.06906024096385541 0.05321161048689142
7 0.5025542168674699 0.3137265917602996 0.06454216867469885 0.055889513108614175
3 0.5656626506024096 0.2829681647940075 0.06914457831325299 0.06389513108614234
3 0.15721686746987953 0.2791760299625468 0.08740963855421688 0.05809925093632955
3 0.24899999999999997 0.23548689138576778 0.06219277108433736 0.05452247191011238
3 0.30550602409638555 0.23549625468164792 0.07654216867469876 0.06522471910112357
3 0.4529397590361446 0.2207771535580524 0.08460240963855425 0.05184456928838952
3 0.44834939759036146 0.26982209737827717 0.09378313253012052 0.0607771535580524
3 0.5880361445783132 0.23014044943820222 0.07946987951807233 0.05452247191011238
0 0.44089156626506026 0.16907303370786517 0.09492771084337345 0.07500936329588016
0 0.37319277108433735 0.17687265917602996 0.07196385542168676 0.06207865168539327
0 0.30634939759036145 0.16771535580524344 0.10072289156626509 0.07745318352059928
0 0.24497590361445784 0.17418539325842697 0.07433734939759035 0.07165730337078655