0 0.3621190476190476 0.1688148148148148 0.07003571428571434 0.07483333333333332
0 0.42844047619047615 0.17367592592592593 0.06261904761904764 0.07946296296296296
0 0.5029761904761905 0.16353703703703704 0.07340476190476186 0.07857407407407409
0 0.5741190476190476 0.16309259259259257 0.07739285714285714 0.07946296296296296
1 0.4154047619047619 0.3134166666666667 0.04788095238095241 0.04336111111111115
1 0.44119047619047624 0.35574074074074075 0.04732142857142857 0.053953703703703684
1 0.40945238095238096 0.4368518518518519 0.03597619047619051 0.055750000000000036
1 0.3507738095238095 0.4708055555555556 0.04107142857142857 0.06369444444444441
1 0.5177142857142857 0.3506666666666667 0.037130952380952445 0.0455740740740741
1 0.4893690476190476 0.296212962962963 0.03542857142857142 0.04393518518518523
7 0.4743452380952381 0.23802777777777778 0.09041666666666671 0.054527777777777765
7 0.3989642857142857 0.17012962962962963 0.05528571428571435 0.07218518518518517
7 0.5066666666666667 0.18381481481481482 0.055833333333333304 0.0591851851851852
7 0.5746785714285715 0.2287777777777778 0.0626547619047619 0.06449074074074078
7 0.5491785714285714 0.28124074074074074 0.059249999999999976 0.05481481481481486
7 0.6047261904761905 0.32510185185185186 0.06378571428571427 0.07025925925925926
7 0.6619761904761904 0.29049074074074077 0.04453571428571438 0.046879629629629625
7 0.625702380952381 0.31430555555555556 0.06946428571428567 0.07333333333333338
7 0.6886190476190477 0.3901296296296296 0.05927380952380948 0.06454629629629632
7 0.7163928571428572 0.3358981481481481 0.058142857142857045 0.0565925925925926
7 0.7923452380952382 0.393212962962963 0.06950000000000013 0.06366666666666666
7 0.29098809523809527 0.3685185185185185 0.055226190476190457 0.04425925925925922
7 0.3102619047619048 0.3195925925925926 0.09150000000000001 0.05747222222222227
3 0.6982499999999999 0.23538888888888887 0.08761904761904751 0.0512685185185185
3 0.7010833333333333 0.2693333333333333 0.08195238095238086 0.0733240740740741
3 0.3156309523809524 0.27946296296296297 0.07230952380952382 0.07920370370370367
3 0.5633452380952381 0.22612962962962962 0.07171428571428573 0.05390740740740738
5 0.257547619047619 0.919361111111111 0.1016904761904762 0.07222222222222212