0 0.3663661202185792 0.1205531914893617 0.08036885245901645 0.08597872340425532
0 0.4424726775956284 0.1261382978723404 0.07185792349726779 0.09129787234042552
0 0.5280054644808743 0.11448936170212766 0.08423497267759558 0.09027659574468086
0 0.6096448087431694 0.1139787234042553 0.08881147540983605 0.09129787234042552
1 0.4275136612021858 0.28669148936170213 0.054945355191256866 0.04981914893617025
1 0.4571038251366121 0.3353191489361702 0.05430327868852459 0.06198936170212764
1 0.42068306010928963 0.42851063829787234 0.041284153005464515 0.06405319148936174
1 0.3533469945355191 0.4675212765957447 0.0471311475409836 0.07318085106382975
1 0.5449180327868852 0.32948936170212767 0.04260928961748641 0.0523617021276596
1 0.5123907103825136 0.26692553191489365 0.04065573770491802 0.05047872340425537
7 0.4951502732240437 0.20007446808510637 0.10375683060109296 0.06264893617021275
7 0.40864754098360656 0.12206382978723405 0.06344262295081975 0.08293617021276593
7 0.53224043715847 0.1377872340425532 0.06407103825136609 0.06800000000000002
7 0.6102868852459017 0.1894468085106383 0.07189890710382513 0.0740957446808511
7 0.5810245901639345 0.24972340425531916 0.0679918032786885 0.06297872340425537
7 0.6447677595628416 0.3001170212765958 0.07319672131147531 0.08072340425531914
7 0.7104644808743169 0.26035106382978723 0.05110655737704929 0.05386170212765957
7 0.6688387978142077 0.28771276595744677 0.07971311475409823 0.08425531914893622
7 0.7410382513661203 0.37482978723404253 0.06801912568306005 0.07415957446808515
7 0.7729098360655737 0.31252127659574463 0.06672131147540973 0.06502127659574469
7 0.860068306010929 0.3783723404255319 0.07975409836065589 0.07314893617021276
7 0.28474043715847 0.35 0.06337431693989069 0.050851063829787185
7 0.30685792349726776 0.2937872340425532 0.10500000000000002 0.06603191489361708
3 0.7520901639344262 0.19704255319148933 0.10054644808743157 0.05890425531914894
3 0.7553415300546448 0.23604255319148937 0.09404371584699442 0.08424468085106389
3 0.3130191256830601 0.24768085106382978 0.08297814207650274 0.09099999999999996
3 0.5972814207650273 0.18640425531914895 0.08229508196721312 0.06193617021276593
5 0.2459016393442623 0.9702127659574468 0.11748633879781421 0.059574468085106386