0 0.6608951406649616 0.16433399602385684 0.07523017902813289 0.080337972166998
0 0.5896547314578006 0.16955268389662026 0.06726342710997445 0.08530815109343935
0 0.5095907928388747 0.15866799204771373 0.078849104859335 0.08435387673956264
0 0.43317135549872127 0.15819085487077533 0.08313299232736572 0.08530815109343935
1 0.6036572890025576 0.319572564612326 0.05143222506393865 0.04655069582504974
1 0.5759590792838875 0.3650099403578529 0.050831202046035806 0.0579224652087475
1 0.6100511508951406 0.45208747514910536 0.03864450127877241 0.059850894632206796
1 0.673081841432225 0.4885387673956263 0.04411764705882353 0.06837972166998009
1 0.4937595907928389 0.35956262425447316 0.039884910485933574 0.04892644135188869
1 0.5242071611253197 0.30110337972167 0.03805626598465472 0.047166998011928474
7 0.5403452685421996 0.23863817097415507 0.09712276214833765 0.05853876739562623
7 0.6213171355498721 0.1657455268389662 0.05938618925831209 0.07749502982107354
7 0.5056265984654731 0.18043737574552685 0.059974424552429635 0.06353876739562626
7 0.4325703324808184 0.22870775347912525 0.06730179028132992 0.06923459244532806
7 0.4599616368286445 0.2850298210735587 0.06364450127877236 0.058846918489065654
7 0.4002941176470588 0.332117296222664 0.06851662404092063 0.07542743538767395
7 0.33879795396419443 0.2949602385685885 0.04783887468030701 0.05032803180914513
7 0.37776214833759586 0.32052683896620277 0.0746163682864449 0.07872763419483106
7 0.31017902813299225 0.40192842942345924 0.06367007672634266 0.06929423459244537
7 0.2803452685421995 0.34370775347912524 0.06245524296675181 0.06075546719681909
7 0.1987595907928388 0.4052385685884692 0.07465473145780065 0.06834990059642146
7 0.7373017902813298 0.378727634194831 0.05932225063938602 0.04751491053677928
7 0.7165984654731458 0.3262027833001988 0.09828644501278759 0.06169980119284299
3 0.2998337595907929 0.23580516898608347 0.09411764705882342 0.05503976143141154
3 0.2967902813299233 0.2722465208747515 0.08803069053708429 0.07871769383697819
3 0.7108312020460358 0.28312127236580514 0.07767263427109976 0.08502982107355861
3 0.4447442455242967 0.22586481113320078 0.07703324808184145 0.057872763419483074
5 0.7736572890025576 0.9652087475149106 0.10997442455242967 0.06958250497017893