1 0.40690476190476194 0.883425925925926 0.05808333333333329 0.04619444444444454
1 0.41086904761904763 0.8375833333333333 0.08415476190476197 0.04794444444444442
1 0.44034523809523807 0.8018703703703703 0.059226190476190474 0.05587037037037029
7 0.6653809523809523 0.7163518518518518 0.07853571428571432 0.06818518518518528
7 0.7121428571428572 0.6581574074074074 0.06325000000000013 0.06287037037037045
7 0.6398571428571429 0.6224351851851851 0.06770238095238089 0.0614537037037036
7 0.5894285714285714 0.6687407407407407 0.0943928571428571 0.05758333333333338
7 0.6001785714285715 0.5796759259259259 0.0699880952380952 0.06059259259259264
7 0.5143095238095238 0.5739444444444445 0.10571428571428566 0.059712962962962975
7 0.5520119047619048 0.5232592592592593 0.08758333333333339 0.04695370370370374
7 0.4471428571428572 0.4751944444444445 0.07682142857142854 0.06855555555555552
7 0.4193690476190476 0.5431018518518518 0.07395238095238096 0.07605555555555565
7 0.35842857142857143 0.49062962962962964 0.07286904761904767 0.06237962962962969
7 0.2986309523809524 0.3574907407407407 0.0655119047619048 0.06066666666666665
7 0.7005238095238095 0.35397222222222224 0.08988095238095238 0.05748148148148152
3 0.2977738095238095 0.29400925925925925 0.08761904761904765 0.07126851851851855
3 0.607845238095238 0.2477314814814815 0.06095238095238094 0.04245370370370372
3 0.6205952380952381 0.3059259259259259 0.07286904761904767 0.042472222222222224
3 0.7776071428571429 0.24464814814814817 0.0808214285714287 0.0680277777777778
3 0.7651428571428571 0.30041666666666667 0.06948809523809511 0.056138888888888884
0 0.6200357142857144 0.19285185185185186 0.09894047619047613 0.07374074074074073
0 0.5400952380952381 0.186 0.07226190476190482 0.061601851851851824
0 0.45053571428571426 0.18622222222222223 0.06774999999999996 0.06292592592592591
0 0.3768452380952381 0.19085185185185186 0.08590476190476187 0.0712962962962963