1 0.3640826873385013 0.8954728370221329 0.06303617571059426 0.050191146881287826
1 0.3683850129198966 0.8456639839034206 0.09133074935400524 0.052092555331991926
1 0.40037467700258395 0.806861167002012 0.0642764857881137 0.0607042253521126
7 0.6445994832041343 0.7139436619718309 0.08523255813953493 0.07408450704225363
7 0.6953488372093024 0.6507142857142857 0.06864341085271332 0.06830985915492967
7 0.6168992248062016 0.6119014084507043 0.07347545219638228 0.06677062374245461
7 0.5621705426356589 0.6622132796780684 0.10244186046511623 0.06256539235412481
7 0.5738372093023255 0.5654426559356136 0.07595607235142114 0.06583501006036223
7 0.48064599483204135 0.559215291750503 0.11472868217054258 0.06487927565392355
7 0.5215633074935401 0.5041448692152918 0.09505167958656337 0.0510160965794769
7 0.40775193798449616 0.45192152917505035 0.08337209302325578 0.07448692152917501
7 0.37760981912144703 0.5257042253521126 0.08025839793281654 0.08263581488933612
7 0.3114728682170542 0.46869215291750504 0.07908268733850134 0.06777665995975866
7 0.24657622739018087 0.3240342052313883 0.07109819121447032 0.06591549295774646
7 0.6827390180878554 0.32021126760563384 0.09754521963824289 0.06245472837022137
3 0.24564599483204133 0.2550603621730382 0.09509043927648582 0.07743460764587527
3 0.5821576227390179 0.20477867203219316 0.06614987080103366 0.046126760563380304
3 0.5959948320413436 0.2680080482897384 0.07908268733850134 0.046146881287726364
3 0.7663953488372094 0.20142857142857146 0.08771317829457377 0.0739134808853119
3 0.7528682170542637 0.26202213279678066 0.07541343669250632 0.06099597585513078
0 0.5953875968992248 0.14515090543259557 0.10737726098191201 0.08012072434607645
0 0.5086304909560724 0.13770623742454727 0.07842377260981918 0.06693158953722331
0 0.41143410852713175 0.13794768611670022 0.07352713178294569 0.06837022132796779
0 0.3314599483204135 0.1429778672032193 0.09322997416020667 0.07746478873239436