1 0.6140710382513661 0.9835106382978723 0.06693989071038252 0.03297872340425532
1 0.6091120218579235 0.9410531914893617 0.09657103825136619 0.05508510638297869
1 0.5752868852459017 0.9000212765957447 0.06796448087431695 0.06419148936170203
7 0.3170491803278689 0.8017659574468085 0.09012295081967217 0.078340425531915
7 0.26338797814207643 0.7349042553191488 0.0725819672131149 0.07223404255319159
7 0.3463387978142076 0.6938617021276596 0.07769125683060095 0.07060638297872329
7 0.40420765027322403 0.7470638297872341 0.10831967213114749 0.06615957446808517
7 0.3918715846994536 0.6447340425531914 0.08031420765027318 0.0696170212765958
7 0.4904098360655738 0.6381489361702127 0.121311475409836 0.06860638297872342
7 0.4471448087431694 0.5799148936170213 0.10050546448087438 0.053946808510638336
7 0.5674863387978142 0.5246914893617022 0.088155737704918 0.07876595744680848
7 0.5993579234972678 0.6027127659574467 0.08486338797814208 0.08738297872340436
7 0.6692896174863389 0.5424255319148936 0.08362021857923502 0.07167021276595757
7 0.7379098360655737 0.38945744680851063 0.07517759562841526 0.06970212765957445
7 0.27672131147540974 0.3854148936170213 0.10314207650273224 0.06604255319148941
3 0.7388934426229509 0.31652127659574464 0.10054644808743188 0.08188297872340429
3 0.3830737704918034 0.26335106382978724 0.06994535519125689 0.04877659574468088
3 0.36844262295081975 0.3302127659574468 0.08362021857923502 0.048797872340425534
3 0.1882650273224043 0.2598085106382979 0.0927459016393444 0.07815957446808514
3 0.20256830601092893 0.32388297872340427 0.07974043715846979 0.0645
0 0.3690846994535519 0.20029787234042554 0.11353825136612009 0.08472340425531913
0 0.46081967213114755 0.19242553191489362 0.08292349726775962 0.07077659574468083
0 0.5635928961748634 0.1926808510638298 0.07774590163934422 0.0722978723404255
0 0.648155737704918 0.198 0.09857923497267755 0.08191489361702127