5 0.22267857142857145 0.9178148148148149 0.10678571428571428 0.07795370370370376
7 0.36269047619047623 0.37249074074074073 0.04446428571428574 0.04690740740740738
7 0.30997619047619046 0.37094444444444447 0.0682619047619048 0.05263888888888891
7 0.3865 0.32443518518518516 0.05807142857142854 0.053064814814814766
7 0.30542857142857144 0.32619444444444445 0.04510714285714284 0.04568518518518522
3 0.23286904761904764 0.23625925925925922 0.09046428571428572 0.04571296296296294
3 0.22267857142857145 0.27947222222222223 0.0659761904761905 0.058333333333333334
3 0.29807142857142854 0.27594444444444444 0.05805952380952379 0.05480555555555561
3 0.36466666666666664 0.2706574074074074 0.06430952380952379 0.0653888888888889
3 0.43240476190476196 0.27021296296296293 0.06148809523809521 0.05568518518518517
3 0.370047619047619 0.24023148148148146 0.05869047619047613 0.05894444444444442
3 0.4380714285714286 0.23473148148148149 0.0705595238095238 0.04994444444444447
0 0.2331547619047619 0.17410185185185184 0.09442857142857142 0.08541666666666667
0 0.3054404761904762 0.16992592592592592 0.08413095238095236 0.0790185185185185
0 0.3791309523809524 0.17014814814814813 0.07280952380952377 0.07593518518518518
0 0.44260714285714287 0.16837962962962963 0.07509523809523815 0.07946296296296296