5 0.14544235924932977 0.9697286012526096 0.1193029490616622 0.060542797494780795
7 0.30383378016085794 0.36877870563674325 0.050067024128686355 0.05288100208768264
7 0.24447721179624665 0.367035490605428 0.07686327077747994 0.05934237995824637
7 0.3306434316353888 0.31460334029227555 0.06538873994638066 0.05982254697286007
7 0.23935656836461125 0.3165866388308977 0.050790884718498644 0.051503131524008386
3 0.15765415549597858 0.21519832985386217 0.1018632707774799 0.051534446764091864
3 0.14617962466487938 0.2639144050104384 0.07428954423592496 0.06576200417536535
3 0.23107238605898123 0.259937369519833 0.0653753351206434 0.061784968684759974
3 0.30605898123324393 0.2539770354906054 0.07241286863270775 0.0737160751565762
3 0.38233243967828423 0.2534759916492693 0.06923592493297584 0.06277661795407097
3 0.3121179624664879 0.21967640918580375 0.06608579088471844 0.06645093945720247
3 0.38871313672922253 0.2134759916492693 0.0794504021447721 0.0563048016701462
0 0.1579758713136729 0.14512526096033404 0.10632707774798927 0.09629436325678496
0 0.23936997319034853 0.14041753653444677 0.09473190348525463 0.08908141962421709
0 0.3223458445040215 0.14066805845511482 0.08198391420911524 0.0856054279749478
0 0.39382037533512065 0.13867432150313153 0.0845576407506703 0.08958246346555322