5 0.19147582697201018 0.9604743083003953 0.11323155216284987 0.07905138339920949
7 0.34180661577608146 0.3807213438735178 0.04751908396946568 0.05005928853754937
7 0.285470737913486 0.3790711462450593 0.0729516539440204 0.056175889328063264
7 0.3672519083969466 0.3294367588932806 0.06206106870229004 0.056630434782608645
7 0.28061068702290076 0.3313142292490119 0.04820610687022899 0.04875494071146248
3 0.20306615776081427 0.23533596837944662 0.09667938931297711 0.04878458498023716
3 0.192175572519084 0.2814525691699605 0.07050890585241733 0.06225296442687747
3 0.2727480916030534 0.2776877470355731 0.06204834605597962 0.05848814229249017
3 0.34391857506361323 0.27204545454545453 0.06872773536895672 0.06978260869565218
3 0.4163104325699746 0.2715711462450593 0.0657124681933842 0.059426877470355716
3 0.3496692111959287 0.23957509881422923 0.0627226463104325 0.06290513833992092
3 0.4223664122137405 0.23370553359683793 0.07540712468193382 0.05330039525691705
0 0.20337150127226464 0.169001976284585 0.10091603053435114 0.09115612648221344
0 0.2806234096692112 0.16454545454545455 0.08991094147582691 0.0843280632411067
0 0.35937659033078884 0.16478260869565217 0.07781170483460556 0.08103754940711462
0 0.4272137404580153 0.16289525691699605 0.0802544529262087 0.08480237154150197