3 0.6943880208333333 0.30114372469635625 0.09026041666666658 0.06488866396761135
3 0.35278645833333333 0.24259109311740892 0.07406249999999999 0.06056680161943323
3 0.3354166666666667 0.30115384615384616 0.08464843749999999 0.07389676113360323
3 0.15966145833333334 0.2397064777327935 0.07712239583333336 0.04900809716599186
3 0.1491145833333333 0.29585020242914983 0.08779947916666675 0.05558704453441291
0 0.6020182291666667 0.17488866396761132 0.08899739583333337 0.07842105263157896
0 0.5093359375000001 0.17295546558704453 0.08463541666666667 0.08034412955465586
0 0.4336848958333333 0.16502024291497974 0.09889322916666672 0.08879554655870447
0 0.32302083333333337 0.17008097165991903 0.11937500000000008 0.08734817813765183
7 0.24334635416666664 0.35440283400809713 0.09769531249999996 0.07440283400809716
7 0.15717447916666671 0.3563259109311741 0.05927083333333331 0.058977732793522246
7 0.15066406250000006 0.40452429149797575 0.06485677083333326 0.06092105263157889
7 0.048997395833333325 0.41222672064777327 0.07727864583333321 0.057074898785425085
7 0.06325520833333338 0.3457186234817814 0.08020833333333321 0.07595141700404855
7 0.6943880208333333 0.35103238866396763 0.08085937499999989 0.05801619433198386
7 0.7886197916666666 0.34812753036437244 0.05307291666666666 0.06342105263157892
7 0.8782161458333334 0.3543927125506073 0.04627604166666662 0.06438259109311742
7 0.8729427083333333 0.4175303643724696 0.10313802083333339 0.05803643724696359