3 0.2901309523809524 0.30789814814814814 0.08252380952380951 0.05936111111111112
3 0.602452380952381 0.25433333333333336 0.06771428571428571 0.05540740740740744
3 0.6183333333333333 0.3079074074074074 0.07739285714285714 0.06760185185185184
3 0.7790238095238096 0.25169444444444444 0.07051190476190479 0.04483333333333332
3 0.7886666666666667 0.3030555555555556 0.0802738095238096 0.050851851851851815
0 0.3745833333333333 0.19239814814814815 0.08136904761904765 0.07174074074074076
0 0.45932142857142855 0.19062962962962962 0.07738095238095238 0.0735
0 0.5284880952380953 0.18337037037037035 0.09041666666666671 0.0812314814814815
0 0.6296666666666666 0.188 0.10914285714285722 0.07990740740740741
7 0.7025119047619047 0.35662037037037037 0.08932142857142854 0.0680648148148148
7 0.781297619047619 0.35837962962962966 0.05419047619047617 0.053953703703703684
7 0.78725 0.40247222222222223 0.05929761904761898 0.055731481481481424
7 0.8802023809523809 0.4095185185185185 0.07065476190476179 0.05221296296296295
7 0.8671666666666666 0.34867592592592594 0.07333333333333322 0.06948148148148145
7 0.2901309523809524 0.35353703703703704 0.07392857142857143 0.05307407407407412
7 0.20397619047619048 0.3508796296296296 0.04852380952380951 0.05801851851851849
7 0.12205952380952381 0.3566111111111111 0.0423095238095238 0.05889814814814816
7 0.12688095238095237 0.41437037037037033 0.09429761904761906 0.05309259259259262