3 0.7089808153477217 0.3058938547486033 0.08311750599520376 0.05969273743016761
3 0.39441247002398083 0.2520297951582868 0.06820143884892085 0.055716945996275635
3 0.3784172661870504 0.305903165735568 0.07794964028776977 0.06797951582867783
3 0.2165707434052758 0.24937616387337055 0.0710191846522782 0.045083798882681526
3 0.20685851318944842 0.301024208566108 0.0808513189448442 0.05113594040968339
0 0.6239208633093526 0.1897486033519553 0.0819544364508395 0.07214152700186222
0 0.5385731414868106 0.18797020484171323 0.07793764988009592 0.07391061452513967
0 0.46890887290167865 0.1806703910614525 0.09106714628297367 0.08168528864059592
0 0.36700239808153484 0.18532588454376164 0.10992805755395692 0.0803538175046555
7 0.29363309352517986 0.35488826815642455 0.08996402877697839 0.06844506517690874
7 0.2142805755395684 0.3566573556797021 0.054580335731414846 0.05425512104283052
7 0.20828537170263794 0.40099627560521417 0.059724220623501134 0.05604283054003719
7 0.11466426858513189 0.40808193668528864 0.0711630695443644 0.052504655493482294
7 0.12779376498800965 0.3468994413407821 0.0738609112709831 0.0698696461824953
7 0.7089808153477217 0.3517877094972067 0.07446043165467615 0.05337057728119185
7 0.7957553956834532 0.34911545623836127 0.048872901678657064 0.05834264432029792
7 0.8782613908872902 0.35487895716945994 0.04261390887290163 0.0592271880819367
7 0.8734052757793764 0.4129608938547486 0.09497601918465232 0.053389199255121075