7 0.19703931203931202 0.3796367112810708 0.08445945945945946 0.06846080305927343
7 0.170995085995086 0.3277342256214149 0.0845945945945946 0.06264818355640532
7 0.22862407862407863 0.3266061185468451 0.07042997542997541 0.06252390057361375
7 0.30905405405405406 0.330019120458891 0.060503685503685505 0.06389101338432127
7 0.6623464373464373 0.32615678776290635 0.048882063882063835 0.05797323135755257
7 0.745995085995086 0.3240917782026769 0.055221130221130274 0.055363288718929225
7 0.7471744471744473 0.37144359464627147 0.07579852579852585 0.06299235181644358
7 0.8176535626535627 0.37804015296367116 0.06470515970515979 0.05799235181644356
7 0.803022113022113 0.3215869980879541 0.07450859950859962 0.06401529636711284
3 0.3157739557739558 0.27607074569789675 0.07578624078624072 0.06039196940726574
3 0.5927518427518428 0.226472275334608 0.11788697788697793 0.06612810707456974
3 0.5997665847665847 0.2765391969407266 0.07577395577395571 0.06978967495219886
3 0.7375184275184276 0.23261950286806882 0.07054054054054062 0.06750478011472277
3 0.7404422604422605 0.2872370936902486 0.07872235872235864 0.06751434034416827
0 0.60502457002457 0.18117590822179733 0.07694103194103208 0.05382409177820269
0 0.38303439803439804 0.17524856596558316 0.09799754299754297 0.06907265774378585
0 0.454987714987715 0.1798183556405354 0.08100737100737107 0.08022944550669217
0 0.5216707616707617 0.17617590822179732 0.07400491400491402 0.07658699808795412
5 0.552088452088452 0.9445028680688337 0.10442260442260443 0.07501912045889082