7 0.8355509641873279 0.3159528907922912 0.0946969696969697 0.07667023554603856
7 0.8647520661157024 0.2578265524625268 0.09484848484848503 0.07016059957173444
7 0.8001377410468319 0.2565631691648822 0.07896694214876022 0.07002141327623124
7 0.7099586776859504 0.2603854389721627 0.0678374655647383 0.07155246252676664
7 0.3138429752066116 0.25605995717344754 0.05480716253443521 0.06492505353319056
7 0.22005509641873278 0.25374732334047106 0.06191460055096425 0.06200214132762309
7 0.21873278236914595 0.3067773019271948 0.08498622589531686 0.0705460385438972
7 0.13971074380165283 0.31416488222698075 0.07254820936639128 0.0649464668094218
7 0.1561157024793389 0.2509421841541756 0.0835399449035814 0.07169164882226985
3 0.7024242424242424 0.19996788008565308 0.08497245179063352 0.06763383297644535
3 0.3918732782369146 0.14442184154175589 0.13217630853994494 0.07405781584582437
3 0.38400826446280995 0.20049250535331906 0.08495867768595035 0.07815845824411134
3 0.2295592286501377 0.15130620985010707 0.0790909090909092 0.07559957173447539
3 0.22628099173553715 0.21247323340471092 0.08826446280991726 0.07561027837259102
0 0.3781129476584022 0.09369379014989293 0.08626721763085414 0.060278372591006435
0 0.6270110192837465 0.08705567451820129 0.10987603305785121 0.07735546038543897
0 0.5463360881542699 0.09217344753747324 0.0908264462809918 0.08985010706638118
0 0.4715702479338843 0.08809421841541756 0.08297520661157026 0.0857708779443255
5 0.43746556473829207 0.9485546038543897 0.11707988980716254 0.08401498929336167