7 0.21475 0.37601851851851853 0.0818452380952381 0.06630555555555556
7 0.18951190476190477 0.32575 0.0819761904761905 0.060675925925925904
7 0.24535714285714286 0.3246574074074074 0.06824999999999998 0.060555555555555536
7 0.32329761904761906 0.32796296296296296 0.05863095238095238 0.061879629629629666
7 0.6656547619047619 0.32422222222222224 0.047369047619047575 0.056148148148148135
7 0.7467142857142858 0.32222222222222224 0.053511904761904816 0.05362037037037034
7 0.7478571428571429 0.3680833333333333 0.073452380952381 0.06100925925925925
7 0.816154761904762 0.3744722222222222 0.06270238095238104 0.056166666666666636
7 0.8019761904761904 0.3197962962962963 0.07220238095238106 0.062000000000000034
3 0.32980952380952383 0.27571296296296294 0.07344047619047615 0.058490740740740704
3 0.5982142857142857 0.22767592592592592 0.11423809523809528 0.06404629629629628
3 0.6050119047619047 0.27616666666666667 0.07342857142857137 0.06759259259259259
3 0.7385 0.23362962962962963 0.06835714285714295 0.06537962962962965
3 0.7413333333333334 0.28652777777777777 0.07628571428571419 0.0653888888888889
0 0.6101071428571428 0.18380555555555556 0.07455952380952387 0.05212962962962964
0 0.39498809523809525 0.17806481481481481 0.0949642857142857 0.06689814814814815
0 0.46471428571428575 0.18249074074074073 0.07850000000000007 0.07770370370370372
0 0.5293333333333333 0.17896296296296296 0.07171428571428573 0.07417592592592594
5 0.5588095238095238 0.9231018518518519 0.10119047619047619 0.07265740740740732