5 0.9247658402203857 0.9140471092077088 0.11320936639118465 0.07688436830835112
7 0.09643250688705235 0.3344539614561028 0.09336088154269973 0.06750535331905777
7 0.08986225895316806 0.2742933618843683 0.0981404958677686 0.0752462526766595
7 0.18891184573002756 0.2850107066381156 0.06584022038567494 0.07462526766595294
7 0.294504132231405 0.28093147751605996 0.05929752066115696 0.07259100642398282
7 0.7853994490358127 0.26640256959314773 0.08891184573002749 0.05983940042826551
7 0.881473829201102 0.27124197002141326 0.097465564738292 0.06544967880085653
7 0.8818044077134987 0.3293576017130621 0.07713498622589532 0.06547109207708778
7 0.9628099173553719 0.3233404710920771 0.0743801652892562 0.0835117773019272
7 0.9710743801652892 0.269271948608137 0.05785123966942149 0.07387580299785867
3 0.2925206611570248 0.21872591006423986 0.07842975206611577 0.06812633832976445
3 0.6748760330578513 0.157558886509636 0.09539944903581266 0.062023554603854336
3 0.6788292011019285 0.20802997858672378 0.09348484848484864 0.06339400428265529
3 0.8778650137741048 0.15450749464668095 0.09287878787878796 0.0847858672376873
3 0.862465564738292 0.21465738758029979 0.08827823691460043 0.0746038543897217
0 0.6893112947658403 0.07447537473233405 0.10398071625344354 0.0857708779443255
0 0.5830578512396695 0.0772698072805139 0.0849173553719008 0.08805139186295505
0 0.48863636363636365 0.07498929336188435 0.08033057851239676 0.09699143468950747
0 0.38696969696969696 0.07089935760171306 0.10201101928374663 0.09059957173447537