5 0.832595238095238 0.9182592592592593 0.09784523809523817 0.06649074074074068
7 0.11667857142857144 0.4170185185185185 0.08069047619047619 0.05837962962962959
7 0.11100000000000002 0.3649907407407407 0.08482142857142859 0.06507407407407405
7 0.19660714285714287 0.37425925925925924 0.056904761904761916 0.06453703703703707
7 0.28786904761904764 0.3707314814814815 0.05124999999999998 0.06277777777777774
7 0.7121428571428572 0.35816666666666663 0.07684523809523804 0.05174999999999999
7 0.7951785714285715 0.3623518518518518 0.08423809523809522 0.05660185185185185
7 0.7954642857142857 0.4126111111111111 0.06666666666666667 0.05662037037037035
7 0.8728333333333332 0.40775925925925927 0.07858333333333332 0.07160185185185189
7 0.8827619047619047 0.3610277777777778 0.06895238095238104 0.06453703703703707
3 0.2861547619047619 0.3169351851851852 0.06778571428571431 0.058916666666666666
3 0.6166190476190476 0.26403703703703707 0.08245238095238094 0.05363888888888884
3 0.6200357142857144 0.3076851851851852 0.08079761904761912 0.05482407407407411
3 0.7920595238095238 0.26139814814814816 0.0802738095238096 0.07332407407407404
3 0.7787499999999999 0.3134166666666667 0.07629761904761895 0.06451851851851857
0 0.6290952380952382 0.19218518518518518 0.08986904761904763 0.07417592592592594
0 0.5372619047619048 0.19460185185185183 0.07339285714285712 0.07614814814814816
0 0.4556547619047619 0.19262962962962962 0.06942857142857149 0.08387962962962961
0 0.36778571428571427 0.1890925925925926 0.08816666666666674 0.07835185185185185