5 0.16501199040767386 0.9196648044692738 0.0985491606714629 0.0668621973929236
7 0.8860791366906475 0.4156238361266294 0.08127098321342922 0.05870577281191802
7 0.8917985611510791 0.36330540037243947 0.08543165467625899 0.06543761638733703
7 0.8055755395683454 0.3726256983240223 0.0573141486810551 0.06489757914338924
7 0.7136570743405276 0.3690782122905028 0.05161870503597117 0.06312849162011169
7 0.2863309352517985 0.3564432029795158 0.07739808153477212 0.05203910614525138
7 0.20269784172661864 0.3606517690875233 0.0848441247002398 0.05691806331471135
7 0.20241007194244598 0.4111918063314711 0.0671462829736211 0.05693668528864058
7 0.12448441247002404 0.40631284916201116 0.07914868105515586 0.07200186219739296
7 0.114484412470024 0.3593202979515829 0.06944844124700249 0.06489757914338924
3 0.7153836930455636 0.3149813780260708 0.06827338129496409 0.05924581005586592
3 0.38254196642685845 0.2617877094972067 0.08304556354916066 0.053938547486033474
3 0.3791007194244604 0.30567970204841716 0.08137889688249415 0.05513035381750469
3 0.2058393285371702 0.2591340782122905 0.0808513189448442 0.07373370577281187
3 0.2192446043165468 0.31144320297951583 0.07684652278177448 0.06487895716946002
0 0.3699760191846522 0.18953445065176908 0.09051558752997603 0.0745903165735568
0 0.4624700239808153 0.19196461824953445 0.07392086330935249 0.07657355679702049
0 0.544664268585132 0.18998137802607076 0.0699280575539569 0.0843482309124767
0 0.6331654676258992 0.1864245810055866 0.08880095923261384 0.07878957169459963