0 0.361547619047619 0.20275925925925922 0.08249999999999995 0.07394444444444444
0 0.4383571428571429 0.20144444444444445 0.093797619047619 0.09269444444444445
0 0.5307499999999999 0.20100925925925925 0.08588095238095236 0.08828703703703701
0 0.6393095238095238 0.1968148148148148 0.08986904761904763 0.07814814814814813
3 0.6359047619047619 0.28212037037037035 0.06266666666666672 0.053046296296296265
3 0.2515952380952381 0.31628703703703703 0.0897857142857143 0.07730555555555556
3 0.62825 0.3204722222222222 0.05416666666666667 0.05041666666666671
7 0.7379285714285715 0.3861574074074074 0.07628571428571419 0.06719444444444449
7 0.9042976190476191 0.38175000000000003 0.059880952380952326 0.05484259259259261
7 0.8878571428571428 0.43553703703703706 0.10636904761904752 0.06897222222222223
7 0.4029285714285714 0.55125 0.08641666666666671 0.062398148148148244
7 0.26207142857142857 0.3852777777777778 0.0722261904761905 0.058370370370370336
7 0.16995238095238094 0.36983333333333335 0.08027380952380953 0.0694722222222222
1 0.3215952380952381 0.6488981481481481 0.048428571428571404 0.049648148148148045
1 0.3473809523809524 0.6239907407407407 0.047869047619047665 0.05449074074074066
5 0.8215357142857144 0.9107500000000001 0.10110714285714294 0.06664814814814816
4 0.22890476190476192 0.46462037037037046 0.07572619047619049 0.07385185185185189
4 0.31394047619047616 0.49239814814814814 0.07392857142857145 0.07163888888888884
4 0.42220238095238094 0.5252407407407408 0.06601190476190481 0.056212962962963