0 0.6042936288088643 0.07540948275862065 0.09598337950138498 0.0860560344827586
0 0.5149307479224376 0.07387931034482759 0.10912742382271463 0.10787715517241381
0 0.4074376731301939 0.07337284482758621 0.09991689750692519 0.10274784482758617
0 0.2811357340720222 0.06849137931034482 0.10455678670360112 0.09094827586206894
3 0.2850969529085873 0.16776939655172413 0.07290858725761787 0.06173491379310341
3 0.7322160664819944 0.20753232758620688 0.10445983379501395 0.08996767241379311
3 0.2940027700831025 0.21240301724137933 0.06301939058171745 0.05867456896551729
7 0.16639889196675897 0.2888469827586207 0.08875346260387802 0.0782004310344828
7 0.027008310249307478 0.3459051724137931 0.054016620498614956 0.07974137931034483
7 0.5561495844875347 0.48098060344827587 0.1005401662049862 0.07261853448275873
7 0.720027700831025 0.287823275862069 0.08403047091412752 0.06793103448275858
7 0.827202216066482 0.2698491379310345 0.09339335180055411 0.08085129310344824
1 0.6507756232686981 0.5946228448275861 0.056343490304709073 0.057780172413792984
1 0.6207756232686981 0.5656357758620689 0.05569252077562332 0.06341594827586197
5 0.06912742382271464 0.899364224137931 0.1176315789473685 0.07756465517241382
4 0.7586149584487535 0.3801616379310346 0.08810249307479243 0.08594827586206896
4 0.6596814404432133 0.412489224137931 0.08601108033241 0.08337284482758608
4 0.5337257617728532 0.4507112068965517 0.07680055401662056 0.06542025862068969