0 0.2856940509915014 0.2406373626373626 0.09815864022662883 0.08775824175824178
0 0.3770821529745043 0.23907692307692308 0.11160056657223791 0.11001098901098903
0 0.48701133144475917 0.23856043956043957 0.10218130311614729 0.10478021978021974
0 0.6161756373937677 0.23358241758241757 0.10692634560906517 0.09274725274725272
3 0.6121246458923513 0.33482417582417584 0.07456090651558088 0.06295604395604391
3 0.15487252124645892 0.37537362637362637 0.10682719546742211 0.09174725274725276
3 0.6030169971671389 0.38034065934065936 0.06444759206798867 0.059835164835164885
7 0.7335127478753541 0.4582967032967033 0.09076487252124636 0.0797472527472528
7 0.931458923512748 0.4530659340659341 0.07124645892351268 0.0650879120879121
7 0.9118980169971671 0.5169010989010989 0.1265580736543908 0.08185714285714286
7 0.33492917847025494 0.6542307692307693 0.10281869688385274 0.07405494505494517
7 0.1673371104815864 0.4572527472527473 0.08593484419263459 0.06927472527472524
7 0.05773371104815863 0.4389230769230769 0.09550991501416431 0.08245054945054942
1 0.2381586402266289 0.770120879120879 0.057620396600566504 0.0589230769230768
1 0.2688385269121813 0.7405604395604395 0.056954674220963224 0.06467032967032957
4 0.12787535410764872 0.5514175824175825 0.09009915014164308 0.08764835164835164
4 0.2290509915014164 0.5843846153846154 0.0879603399433428 0.0850219780219779
4 0.3578611898016997 0.6233626373626373 0.07854107648725218 0.06671428571428575