0 0.6601494565217392 0.18674418604651163 0.0785733695652176 0.0766279069767442
0 0.5799320652173913 0.17945031712473572 0.08118206521739131 0.0882029598308668
0 0.5039130434782608 0.17290697674418604 0.08831521739130435 0.10128964059196617
0 0.39846467391304347 0.17315010570824527 0.12585597826086972 0.09776955602536999
3 0.41690217391304346 0.24059196617336154 0.10451086956521734 0.07765327695560258
3 0.7620516304347826 0.3045031712473573 0.08641304347826105 0.05619450317124732
3 0.4230434782608696 0.3019978858350951 0.07410326086956517 0.06963002114164905
7 0.31436141304347825 0.35207188160676534 0.0974048913043479 0.08121564482029603
7 0.7500679347826086 0.3593657505285412 0.06432065217391324 0.07568710359408036
7 0.9140760869565218 0.3513002114164905 0.08514945652173923 0.0712790697674418
7 0.8477581521739131 0.358107822410148 0.096657608695652 0.08726215644820291
7 0.923125 0.4097040169133192 0.10374999999999987 0.0837526427061311