0 0.39301190476190473 0.19042592592592592 0.06884523809523814 0.06712037037037037
0 0.46329761904761907 0.18403703703703703 0.07113095238095238 0.07725925925925926
0 0.5299047619047619 0.17830555555555555 0.07738095238095238 0.08872222222222222
0 0.622297619047619 0.17851851851851852 0.11027380952380958 0.0856388888888889
3 0.6061428571428572 0.2375925925925926 0.09157142857142853 0.06801851851851852
3 0.3037261904761905 0.2935740740740741 0.07571428571428575 0.049222222222222195
3 0.6007619047619047 0.29137962962962966 0.06492857142857139 0.06099074074074075
7 0.6959880952380952 0.33524074074074073 0.08534523809523815 0.07113888888888893
7 0.31422619047619044 0.3416296296296296 0.0563571428571429 0.06629629629629631
7 0.17052380952380952 0.3345648148148148 0.07460714285714287 0.06243518518518514
7 0.2286309523809524 0.34052777777777776 0.08469047619047618 0.07643518518518515
7 0.1625952380952381 0.3857222222222222 0.09090476190476192 0.07336111111111113