0 0.3996731234866828 0.18894538606403014 0.07001210653753032 0.06825800376647835
0 0.47115012106537535 0.18244821092278718 0.07233656174334141 0.07856873822975517
0 0.5388861985472155 0.17661958568738229 0.07869249394673124 0.09022598870056496
0 0.6328450363196126 0.1768361581920904 0.11214285714285728 0.087090395480226
3 0.6164164648910412 0.2369114877589454 0.09312348668280866 0.06917137476459513
3 0.30887409200968524 0.2938418079096045 0.07699757869249398 0.05005649717514121
3 0.6109443099273607 0.2916101694915254 0.0660290556900726 0.062024482109227876
7 0.7077845036319612 0.3362146892655367 0.08679176755447948 0.07234463276836162
7 0.31955205811138016 0.34271186440677964 0.05731234866828091 0.06741996233521659
7 0.17341404358353513 0.33552730696798494 0.07587167070217919 0.06349340866290014
7 0.23250605326876514 0.34159133709981165 0.08612590799031475 0.07773069679849337
7 0.16535108958837774 0.38755178907721277 0.09244552058111381 0.07460451977401132