7 0.07700000000000001 0.3718333333333333 0.05801190476190475 0.056166666666666636
7 0.07841666666666668 0.4260555555555555 0.07217857142857143 0.06412037037037037
7 0.16826190476190478 0.365 0.07277380952380952 0.06718518518518524
7 0.2575357142857143 0.37646296296296294 0.0676904761904762 0.07071296296296296
7 0.7101547619047619 0.368962962962963 0.09782142857142866 0.06983333333333329
3 0.6262619047619047 0.32972222222222225 0.06771428571428578 0.05802777777777774
3 0.26858333333333334 0.3151759259259259 0.07345238095238098 0.05010185185185186
3 0.6274047619047619 0.2693333333333333 0.07286904761904767 0.052166666666666694
0 0.3419880952380952 0.1935 0.11482142857142859 0.08716666666666668
0 0.44316666666666665 0.19724074074074074 0.09609523809523812 0.08143518518518518
0 0.5276428571428572 0.1943888888888889 0.0819166666666666 0.0856388888888889
0 0.6370357142857143 0.20452777777777775 0.07400000000000002 0.06007407407407407