7 0.07196721311475411 0.3027446808510638 0.06657103825136611 0.06453191489361698
7 0.07359289617486339 0.36504255319148937 0.082827868852459 0.07367021276595745
7 0.17669398907103825 0.2948936170212766 0.08351092896174862 0.07719148936170218
7 0.2791393442622951 0.308063829787234 0.07767759562841532 0.08124468085106383
7 0.7985382513661202 0.2994468085106383 0.11225409836065584 0.08023404255319144
3 0.7022677595628415 0.2543617021276596 0.07770491803278703 0.0666702127659574
3 0.2918169398907104 0.23764893617021274 0.08428961748633886 0.05756382978723406
3 0.7035792349726776 0.1849787234042553 0.08362021857923502 0.05993617021276599
0 0.376051912568306 0.09785106382978725 0.13176229508196727 0.10014893617021275
0 0.49215846994535517 0.10214893617021277 0.11027322404371588 0.09356382978723403
0 0.5890983606557377 0.09887234042553192 0.09400273224043708 0.09839361702127661
0 0.7146311475409837 0.11052127659574466 0.08491803278688535 0.06902127659574468