7 0.9362295081967212 0.31551063829787235 0.06657103825136615 0.06453191489361698
7 0.934603825136612 0.37780851063829785 0.08282786885245885 0.07367021276595745
7 0.8315027322404371 0.3076595744680851 0.08351092896174847 0.07719148936170218
7 0.7290573770491803 0.32082978723404254 0.07767759562841517 0.08124468085106383
7 0.20965846994535522 0.31221276595744685 0.11225409836065584 0.08023404255319144
3 0.30592896174863393 0.2671276595744681 0.07770491803278703 0.0666702127659574
3 0.716379781420765 0.25041489361702124 0.08428961748633886 0.05756382978723406
3 0.3046174863387978 0.19774468085106384 0.08362021857923502 0.05993617021276599
0 0.6321448087431695 0.11061702127659577 0.13176229508196727 0.10014893617021275
0 0.5160382513661202 0.11491489361702129 0.11027322404371588 0.09356382978723403
0 0.4190983606557377 0.11163829787234042 0.09400273224043708 0.09839361702127661
0 0.2935655737704918 0.12328723404255318 0.08491803278688535 0.06902127659574468