0 0.7090509915014164 0.18548351648351646 0.10220963172804529 0.09456043956043958
0 0.6152974504249291 0.20250549450549452 0.09878186968838529 0.10059340659340661
0 0.5043484419263456 0.20275824175824175 0.0913881019830028 0.09693406593406598
0 0.39813031161473095 0.19386813186813184 0.10961756373937691 0.09587912087912089
3 0.386657223796034 0.28176923076923077 0.08669971671388108 0.07080219780219775
3 0.7923229461756374 0.3424505494505494 0.08458923512747879 0.056164835164835177
3 0.39273371104815863 0.33643956043956047 0.08264872521246446 0.0713406593406593
7 0.2854957507082152 0.4102087912087912 0.07052407932011326 0.06194505494505495
7 0.9723796033994334 0.4846153846153846 0.05524079320113314 0.06373626373626373
7 0.9170963172804533 0.40863736263736267 0.09939093484419274 0.10275824175824175
7 0.8088526912181302 0.41543956043956043 0.05963172804532565 0.07660439560439565