0 0.3564404761904762 0.18313888888888888 0.08590476190476187 0.07967592592592594
0 0.43523809523809526 0.19748148148148148 0.08302380952380954 0.08475925925925928
0 0.5284880952380953 0.19769444444444442 0.07680952380952379 0.08167592592592596
0 0.6177619047619047 0.19020370370370368 0.0921309523809525 0.08078703703703703
3 0.6274047619047619 0.26426851851851857 0.07286904761904767 0.05965740740740736
3 0.28645238095238096 0.31539814814814815 0.07109523809523813 0.04732407407407409
3 0.622297619047619 0.31033333333333335 0.0694642857142856 0.060111111111111074
7 0.7124285714285715 0.37249074074074073 0.05927380952380948 0.052194444444444446
7 0.10959523809523809 0.4355277777777778 0.09826190476190479 0.05310185185185187
7 0.08607142857142856 0.37160185185185185 0.07576190476190478 0.062425925925925885
7 0.18158333333333335 0.3711666666666667 0.08353571428571431 0.08658333333333333
7 0.2725595238095238 0.37689814814814815 0.050119047619047646 0.06454629629629632
5 0.6364642857142857 0.9279537037037038 0.0887380952380952 0.08412962962962975