0 0.44703125 0.17889676113360323 0.08709635416666665 0.07867408906882593
0 0.5378515625 0.18058704453441293 0.07285156250000006 0.07240890688259112
0 0.6255859375 0.18998987854251012 0.08713541666666676 0.08542510121457493
0 0.25731770833333334 0.22732793522267206 0.09449218749999992 0.08302631578947371
3 0.27281249999999996 0.30732793522267204 0.07093750000000003 0.056062753036437235
7 0.1903515625 0.35888663967611334 0.052330729166666666 0.06669028340080971
7 0.2864583333333333 0.35888663967611334 0.07342447916666665 0.0686133603238866
7 0.5421874999999999 0.5347773279352227 0.08649739583333342 0.08120445344129557
1 0.37014322916666664 0.7265688259109312 0.047395833333333304 0.05042510121457484
1 0.5833333333333334 0.97165991902834 0.059895833333333336 0.05668016194331984
5 0.443359375 0.9660931174089069 0.07682291666666667 0.06781376518218624