0 0.45395238095238094 0.1840277777777778 0.07963095238095236 0.07197222222222224
0 0.5369880952380952 0.18557407407407406 0.0666071428571429 0.06624074074074075
0 0.617202380952381 0.19417592592592595 0.07966666666666669 0.07814814814814817
0 0.2805 0.22833333333333333 0.0863928571428571 0.07595370370370373
3 0.29466666666666663 0.3015185185185185 0.06485714285714285 0.05128703703703703
7 0.2192738095238095 0.34868518518518515 0.04784523809523809 0.06100925925925925
7 0.30714285714285716 0.34868518518518515 0.06713095238095236 0.06276851851851849
7 0.540952380952381 0.5095925925925926 0.07908333333333341 0.07428703703703705
1 0.3836547619047619 0.6850462962962963 0.04333333333333331 0.04612962962962957
1 0.578654761904762 0.9112037037037037 0.05471428571428576 0.05413888888888892
5 0.4511071428571429 0.9140555555555554 0.07114285714285713 0.08119444444444439