0 0.5947453083109919 0.19493736951983298 0.08966487935656835 0.08113778705636746
0 0.5012466487935657 0.1966805845511482 0.07500000000000007 0.07467640918580377
0 0.41092493297587124 0.20637787056367432 0.08970509383378025 0.08810020876826725
0 0.790053619302949 0.24488517745302713 0.09727882037533503 0.08562630480167017
3 0.7741018766756033 0.3273903966597077 0.073029490616622 0.05781837160751564
7 0.858994638069705 0.3805636743215031 0.05387399463806978 0.0687787056367432
7 0.760053619302949 0.3805636743215031 0.07558981233243951 0.07076200417536531
7 0.4967828418230563 0.5619624217118998 0.08904825737265425 0.08374739039665972
1 0.6739008042895442 0.7597599164926931 0.048793565683646234 0.0520041753653444
1 0.4544235924932976 0.9916492693110647 0.06166219839142091 0.016701461377870562
5 0.5985254691689008 0.9859081419624217 0.07908847184986595 0.028183716075156576