5 0.5161825192802056 0.93342 0.10862467866323906 0.09101999999999998
0 0.4513110539845758 0.12997999999999998 0.08170951156812346 0.06987
0 0.537904884318766 0.12855 0.074961439588689 0.06700999999999999
0 0.597892030848329 0.12594999999999998 0.09151670951156818 0.08390999999999997
0 0.6805141388174808 0.13547 0.08051413881748085 0.06487000000000001
3 0.6783676092544987 0.2007 0.07379177377892042 0.05441999999999996
3 0.6006426735218509 0.1945 0.0645372750642674 0.05889999999999998
3 0.6753084832904884 0.25331 0.06521850899742931 0.054909999999999966
3 0.5948200514138817 0.24996 0.07862467866323916 0.05839999999999998
3 0.5406683804627249 0.25782 0.0694473007712082 0.07125999999999999
3 0.6385861182519281 0.4520799999999999 0.07989717223650396 0.0545
3 0.5131233933161954 0.46754999999999997 0.10250642673521851 0.065
3 0.548624678663239 0.49708 0.09089974293059129 0.08166000000000008
3 0.45651670951156814 0.56467 0.08109254498714658 0.07068000000000006
3 0.5302699228791774 0.5477799999999999 0.08354755784061697 0.0631099999999999
3 0.5278149100257069 0.67275 0.08046272493573267 0.06397000000000003
3 0.5877892030848328 0.6501399999999999 0.07132390745501287 0.05838000000000011
3 0.6502185089974293 0.68823 0.07133676092544987 0.06791000000000008
3 0.609215938303342 0.73965 0.087236503856041 0.0736400000000001
3 0.6875578406169666 0.78465 0.08480719794344475 0.06080999999999995
3 0.726413881748072 0.7348899999999999 0.07686375321336755 0.07174000000000001
7 0.6125835475578406 0.34472 0.0694858611825192 0.06637
7 0.531478149100257 0.29662 0.06578406169665803 0.05458000000000004
7 0.5324035989717223 0.33876999999999996 0.06825192802056558 0.06399
7 0.6196143958868894 0.28925 0.0737789203084834 0.06588