5 0.5304642857142857 0.9142777777777779 0.10060714285714284 0.08427777777777787
0 0.4703809523809524 0.17035185185185184 0.07567857142857148 0.06469444444444444
0 0.5505833333333333 0.16902777777777778 0.06942857142857149 0.06204629629629629
0 0.6061428571428571 0.16662037037037036 0.08476190476190475 0.07769444444444441
0 0.6826666666666668 0.1754351851851852 0.07457142857142869 0.06006481481481482
3 0.6806785714285714 0.2358333333333333 0.0683452380952382 0.05038888888888888
3 0.6086904761904761 0.2300925925925926 0.0597738095238095 0.054537037037037016
3 0.6778452380952381 0.2845462962962963 0.06040476190476191 0.050842592592592564
3 0.603297619047619 0.28144444444444444 0.07282142857142859 0.05407407407407405
3 0.5531428571428572 0.2887222222222222 0.06432142857142854 0.06598148148148147
3 0.6438333333333334 0.4685925925925925 0.07400000000000002 0.05046296296296291
3 0.5276309523809524 0.4829166666666666 0.09494047619047619 0.06018518518518518
3 0.5605119047619047 0.5102592592592593 0.08419047619047622 0.07561111111111113
3 0.475202380952381 0.5728425925925925 0.0751071428571429 0.0654444444444445
3 0.5435119047619048 0.5572037037037036 0.07738095238095238 0.05843518518518509
3 0.5412380952380952 0.6729166666666667 0.07452380952380955 0.05923148148148151
3 0.5967857142857143 0.6519814814814815 0.06605952380952375 0.054055555555555655
3 0.6546071428571428 0.68725 0.06607142857142857 0.0628796296296297
3 0.6166309523809524 0.7348611111111111 0.08079761904761898 0.06818518518518528
3 0.6891904761904761 0.7765277777777777 0.07854761904761907 0.056305555555555505
3 0.7251785714285715 0.7304537037037037 0.07119047619047614 0.06642592592592593
7 0.61975 0.3691851851851852 0.0643571428571428 0.061453703703703705
7 0.5446309523809524 0.32464814814814813 0.06092857142857137 0.050537037037037075
7 0.5454880952380952 0.3636759259259259 0.06321428571428574 0.05925000000000001
7 0.6262619047619047 0.3178240740740741 0.06833333333333337 0.061