5 0.4458142493638677 0.9164229249011858 0.10751908396946563 0.08994071146245057
0 0.5100254452926208 0.12250988142292489 0.08087786259541992 0.06904150197628459
0 0.42431297709923665 0.12109683794466404 0.0741984732824428 0.06621541501976283
0 0.36493638676844786 0.1185276679841897 0.09058524173027996 0.08291501976284582
0 0.2831552162849872 0.12793478260869565 0.07969465648854974 0.064100790513834
3 0.28527989821882954 0.1923913043478261 0.07304071246819349 0.05377470355731221
3 0.3622137404580153 0.18626482213438736 0.06388040712468197 0.05820158102766796
3 0.2883078880407125 0.24437747035573124 0.06455470737913487 0.05425889328063238
3 0.36797709923664124 0.2410671936758893 0.07782442748091613 0.057707509881422904
3 0.4215776081424937 0.24883399209486165 0.06874045801526714 0.07041501976284584
3 0.32465648854961826 0.44079051383399204 0.07908396946564895 0.053853754940711464
3 0.44884223918575067 0.4560770750988142 0.10146310432569974 0.06422924901185771
3 0.4137022900763359 0.48525691699604745 0.08997455470737917 0.08069169960474316
3 0.5048727735368956 0.5520454545454545 0.08026717557251913 0.06984189723320164
3 0.43187022900763355 0.5353557312252964 0.08269720101781171 0.062361660079051286
3 0.43430025445292625 0.6588438735177866 0.07964376590330792 0.0632114624505929
3 0.37493638676844787 0.6365019762845849 0.07059796437659034 0.05768774703557323
3 0.31314249363867686 0.6741403162055336 0.07061068702290077 0.06710474308300403
3 0.3537277353689567 0.7249505928853754 0.0863486005089057 0.07276679841897243
3 0.2761832061068703 0.7694169960474309 0.08394402035623412 0.060088932806324054
3 0.2377226463104326 0.7202470355731225 0.07608142493638671 0.07088932806324112
7 0.3503944020356234 0.334703557312253 0.06877862595419841 0.06558300395256918
7 0.4306743002544529 0.2871739130434783 0.06511450381679383 0.05393280632411071
7 0.4297582697201018 0.32882411067193673 0.06755725190839698 0.06323122529644269
7 0.34343511450381686 0.2798913043478261 0.07302798982188306 0.06509881422924901