0 0.5826071428571429 0.17410185185185184 0.07565476190476185 0.06424999999999999
0 0.6523452380952381 0.1655185185185185 0.06379761904761895 0.07725925925925926
0 0.7180952380952381 0.1741111111111111 0.0615476190476191 0.06271296296296298
0 0.7801666666666667 0.17147222222222222 0.07686904761904755 0.06799999999999999
1 0.6744404761904762 0.7657222222222222 0.06040476190476191 0.04880555555555559
1 0.7197976190476191 0.8069444444444445 0.044547619047619134 0.04308333333333331
1 0.6914404761904761 0.8313981481481482 0.055226190476190595 0.0455185185185186
1 0.7095952380952381 0.8605 0.05134523809523823 0.055009259259259334
1 0.6988214285714286 0.8878333333333334 0.03886904761904773 0.04796296296296292
1 0.7161071428571428 0.9420555555555555 0.05530952380952385 0.05062962962962969
1 0.6540357142857143 0.9438148148148149 0.05523809523809534 0.0481203703703704
3 0.5522857142857143 0.5298703703703703 0.054142857142857166 0.0742962962962963
3 0.4683928571428571 0.4472037037037037 0.08191666666666673 0.0628333333333333
3 0.5823333333333335 0.49592592592592594 0.07115476190476196 0.06458333333333334
3 0.5298928571428572 0.37160185185185185 0.08586904761904761 0.04655555555555553
3 0.6098214285714286 0.44632407407407404 0.08245238095238094 0.05578703703703704
3 0.7339642857142857 0.40687962962962965 0.06382142857142845 0.0680833333333333
3 0.8119047619047619 0.31826851851851856 0.0882142857142856 0.060111111111111074
3 0.6455357142857143 0.277037037037037 0.06544047619047623 0.06112962962962961
3 0.7152619047619049 0.28828703703703706 0.06041666666666667 0.056574074074074096
3 0.7129880952380953 0.23824074074074075 0.07109523809523813 0.057620370370370384
3 0.7866785714285713 0.23649074074074072 0.07403571428571436 0.05171296296296296
3 0.7852619047619047 0.27528703703703705 0.059857142857142824 0.0481944444444444
7 0.7197976190476191 0.3169444444444445 0.07174999999999998 0.052175925925925945
7 0.655452380952381 0.32355555555555554 0.0677738095238096 0.05482407407407411
7 0.6407142857142858 0.35750000000000004 0.06322619047619042 0.05572222222222217
7 0.7039166666666666 0.3645555555555556 0.06267857142857154 0.06277777777777774