0 0.6092255434782609 0.06662790697674419 0.08634510869565211 0.07335095137420718
0 0.6888179347826088 0.05682875264270612 0.07281249999999989 0.0882029598308668
0 0.763858695652174 0.06663847780126848 0.07024456521739136 0.07159619450317127
0 0.8347010869565218 0.06362579281183932 0.08773097826086948 0.07763213530655391
1 0.7140353260869565 0.7420507399577168 0.06894021739130436 0.05571881606765332
1 0.7658016304347826 0.7891120507399577 0.05084239130434792 0.049186046511627876
1 0.7334375 0.8170295983086681 0.06302989130434797 0.05196617336152229
1 0.7541576086956521 0.8502536997885836 0.05860054347826102 0.062801268498943
1 0.7418614130434783 0.8814587737843552 0.04436141304347838 0.054756871035940756
1 0.7615896739130434 0.9433615221987315 0.06312500000000006 0.05780126849894299
1 0.6907472826086957 0.9453699788583511 0.06304347826086969 0.05493657505285415
3 0.5746195652173913 0.4727906976744186 0.06179347826086959 0.08482029598308669
3 0.47887228260869563 0.3784143763213531 0.09349184782608704 0.07173361522198721
3 0.608913043478261 0.43403805496828757 0.08120923913043476 0.07373150105708245
3 0.5490625 0.29210359408033826 0.09800271739130434 0.053150105708245216
3 0.6402853260869565 0.3774101479915433 0.0941032608695652 0.0636892177589852
3 0.7819701086956521 0.3323784355179704 0.07283967391304334 0.0777272727272727
3 0.8709239130434783 0.231215644820296 0.10067934782608683 0.06862579281183928
3 0.681046195652174 0.18414376321353065 0.07468750000000003 0.06978858350951372
3 0.7606250000000001 0.19698731501057085 0.06895380434782608 0.06458773784355182
3 0.7580298913043478 0.13985200845665963 0.08114130434782613 0.06578224101479917
3 0.8421331521739129 0.13785412262156446 0.08449728260869573 0.059038054968287554
3 0.8405163043478261 0.18214587737843552 0.0683152173913043 0.055021141649048574
7 0.7658016304347826 0.22970401691331926 0.08188858695652171 0.0595665961945032
7 0.6923641304347826 0.23725158562367865 0.07735054347826095 0.0625898520084567
7 0.6755434782608696 0.27600422832980975 0.07216032608695638 0.06361522198731495
7 0.7476766304347826 0.2840591966173362 0.07153532608695665 0.0716701902748414