0 0.4173928571428572 0.17410185185185184 0.07565476190476185 0.06424999999999999
0 0.34765476190476186 0.1655185185185185 0.06379761904761895 0.07725925925925926
0 0.2819047619047618 0.1741111111111111 0.0615476190476191 0.06271296296296298
0 0.2198333333333333 0.17147222222222222 0.07686904761904755 0.06799999999999999
1 0.32555952380952385 0.7657222222222222 0.06040476190476191 0.04880555555555559
1 0.280202380952381 0.8069444444444445 0.044547619047619134 0.04308333333333331
1 0.3085595238095239 0.8313981481481482 0.055226190476190595 0.0455185185185186
1 0.29040476190476194 0.8605 0.05134523809523823 0.055009259259259334
1 0.30117857142857146 0.8878333333333334 0.03886904761904773 0.04796296296296292
1 0.28389285714285717 0.9420555555555555 0.05530952380952385 0.05062962962962969
1 0.3459642857142857 0.9438148148148149 0.05523809523809534 0.0481203703703704
3 0.4477142857142857 0.5298703703703703 0.054142857142857166 0.0742962962962963
3 0.5316071428571428 0.4472037037037037 0.08191666666666673 0.06283333333333324
3 0.4176666666666666 0.49592592592592594 0.07115476190476189 0.06458333333333334
3 0.47010714285714283 0.37160185185185185 0.08586904761904761 0.04655555555555553
3 0.39017857142857143 0.44632407407407404 0.08245238095238094 0.05578703703703704
3 0.2660357142857143 0.40687962962962965 0.06382142857142845 0.0680833333333333
3 0.1880952380952381 0.31826851851851856 0.0882142857142856 0.060111111111111074
3 0.35446428571428573 0.277037037037037 0.06544047619047623 0.06112962962962961
3 0.2847380952380952 0.28828703703703706 0.06041666666666667 0.056574074074074096
3 0.2870119047619048 0.23824074074074075 0.07109523809523813 0.057620370370370384
3 0.21332142857142863 0.23649074074074072 0.07403571428571436 0.05171296296296298
3 0.21473809523809523 0.27528703703703705 0.059857142857142824 0.0481944444444444
7 0.280202380952381 0.3169444444444445 0.07174999999999998 0.052175925925925945
7 0.344547619047619 0.32355555555555554 0.0677738095238096 0.05482407407407411
7 0.3592857142857142 0.35750000000000004 0.06322619047619035 0.05572222222222217
7 0.29608333333333337 0.3645555555555556 0.06267857142857154 0.06277777777777774