7 0.4801388888888889 0.3599607072691552 0.07483585858585856 0.05818271119842831
7 0.4623989898989899 0.3248722986247545 0.04479797979797982 0.05688605108055007
7 0.5486742424242425 0.31833005893909627 0.06763888888888896 0.0516208251473477
7 0.5510732323232324 0.37351669941060905 0.07726010101010093 0.06473477406679762
3 0.25559343434343434 0.2311100196463654 0.1234848484848485 0.0829174852652259
3 0.3400631313131313 0.2224557956777996 0.11689393939393944 0.08057956777996074
3 0.5408585858585859 0.22245579567779963 0.06883838383838381 0.06374263261296659
3 0.6178156565656566 0.2201178781925344 0.08088383838383846 0.05719056974459722
3 0.7572853535353535 0.21661100196463653 0.06888888888888882 0.05579567779960703
3 0.7675000000000001 0.29026522593320236 0.055656565656565564 0.04599214145383109
3 0.6839267676767676 0.28044204322200394 0.07300505050505042 0.06344793713163067
3 0.623510101010101 0.28161100196463656 0.07843434343434344 0.06859528487229867
3 0.5468560606060606 0.2687426326129666 0.07304292929292933 0.056905697445972445
3 0.47231060606060604 0.2781041257367387 0.06824494949494944 0.05877210216110024
0 0.39776515151515146 0.16094302554027506 0.08510101010101007 0.07986247544204324
0 0.4608964646464646 0.17592337917485265 0.09887626262626256 0.07542239685658156
0 0.5498737373737373 0.16562868369351672 0.09409090909090907 0.09038310412573673
0 0.6250252525252525 0.16937131630648328 0.09530303030303032 0.09973477406679768