7 0.5378244274809161 0.36703557312252966 0.07540712468193382 0.05852766798418974
7 0.5556997455470738 0.33173913043478265 0.04513994910941478 0.05722332015810273
7 0.46876590330788803 0.3251581027667984 0.06815521628498734 0.05192687747035569
7 0.46634860050890586 0.38067193675889327 0.07784987277353682 0.06511857707509879
3 0.7640839694656488 0.23742094861660076 0.12442748091603048 0.08340909090909088
3 0.6789694656488551 0.22871541501976286 0.11778625954198464 0.08105731225296446
3 0.4766412213740458 0.2287154150197629 0.06936386768447834 0.06412055335968378
3 0.3990966921119593 0.22636363636363638 0.08150127226463112 0.057529644268774674
3 0.25856234096692116 0.22283596837944664 0.06941475826972003 0.05612648221343869
3 0.24826972010178117 0.29692687747035573 0.056081424936386674 0.0462648221343874
3 0.3324809160305344 0.28704545454545455 0.07356234096692103 0.06382411067193679
3 0.3933587786259542 0.2882213438735178 0.07903307888040713 0.06900197628458501
3 0.4705979643765903 0.27527667984189724 0.07360050890585244 0.05724308300395252
3 0.5457124681933843 0.2846936758893281 0.06876590330788798 0.05912055335968384
0 0.6208269720101781 0.16683794466403162 0.08575063613231564 0.08033596837944665
0 0.5572137404580153 0.18190711462450593 0.09963104325699738 0.07586956521739133
0 0.4675572519083969 0.1715513833992095 0.09480916030534349 0.0909189723320158
0 0.39183206106870233 0.17531620553359684 0.09603053435114506 0.10032608695652177