7 0.4550833333333333 0.3605925925925926 0.0705595238095238 0.05484259259259261
7 0.4383571428571429 0.32751851851851854 0.04223809523809526 0.05362037037037034
7 0.519702380952381 0.32135185185185183 0.06377380952380958 0.048657407407407365
7 0.5219642857142857 0.37337037037037035 0.07284523809523802 0.0610185185185185
3 0.24336904761904762 0.23913888888888887 0.11642857142857144 0.07815740740740738
3 0.3230119047619047 0.23098148148148148 0.11021428571428572 0.07595370370370373
3 0.5123333333333333 0.2309814814814815 0.06490476190476188 0.06008333333333335
3 0.5848928571428571 0.2287777777777778 0.07626190476190484 0.05390740740740738
3 0.7163928571428572 0.2254722222222222 0.06495238095238089 0.05259259259259258
3 0.7260238095238095 0.29489814814814813 0.05247619047619039 0.0433518518518519
3 0.6472261904761905 0.2856388888888889 0.06883333333333326 0.059805555555555584
3 0.5902619047619048 0.28674074074074074 0.07395238095238096 0.06465740740740744
3 0.5179880952380953 0.2746111111111111 0.06886904761904765 0.05363888888888884
3 0.44770238095238096 0.2834351851851852 0.06434523809523804 0.05539814814814819
0 0.3774166666666666 0.17300000000000001 0.0802380952380952 0.07527777777777779
0 0.43694047619047616 0.18712037037037038 0.09322619047619041 0.07109259259259262
0 0.5208333333333334 0.17741666666666667 0.08871428571428569 0.08519444444444443
0 0.5916904761904762 0.18094444444444444 0.08985714285714289 0.09400925925925929