7 0.2147866666666667 0.39938796680497923 0.06502666666666665 0.06736514522821582
7 0.29605333333333334 0.3927178423236514 0.07012000000000004 0.05402489626556021
7 0.22430666666666665 0.3450414937759336 0.07592 0.05513485477178421
7 0.29033333333333333 0.3487551867219917 0.08154666666666663 0.06487551867219914
3 0.3598533333333333 0.5589107883817427 0.09869333333333331 0.06841286307053947
3 0.3138266666666667 0.7080601659751038 0.07266666666666667 0.07240663900414933
3 0.19321333333333332 0.8132676348547718 0.10057333333333335 0.06355809128630703
3 0.07608000000000001 0.9063589211618257 0.10245333333333338 0.07593360995850627
3 0.21828000000000006 0.2354045643153527 0.06766666666666667 0.06109958506224064
3 0.2944666666666667 0.24232365145228216 0.06186666666666664 0.05545643153526969
3 0.22272000000000003 0.29318464730290456 0.08417333333333332 0.06404564315352698
3 0.28526666666666667 0.2941804979253112 0.0764666666666667 0.07029045643153527
0 0.30684 0.5169190871369294 0.05812000000000004 0.0728630705394191
0 0.3569866666666667 0.6413796680497925 0.08985333333333331 0.06096473029045641
0 0.2601866666666666 0.7604149377593361 0.10755999999999995 0.0862551867219918
0 0.13734666666666664 0.8609232365145227 0.09801333333333333 0.07789419087136921
5 0.792 0.9839211618257261 0.12533333333333332 0.032157676348547715