7 0.6996112600536193 0.39667014613778706 0.0653753351206434 0.06778705636743221
7 0.6179088471849866 0.3899582463465553 0.07049597855227886 0.05436325678496873
7 0.6900402144772118 0.34198329853862214 0.07632707774798934 0.05548016701461375
7 0.6236595174262735 0.3457202505219207 0.08198391420911524 0.06528183716075153
3 0.5537667560321716 0.5571920668058454 0.09922252010723859 0.06884133611691028
3 0.6000402144772118 0.7072755741127349 0.07305630026809651 0.07286012526096029
3 0.7213002680965148 0.8131419624217119 0.10111260053619311 0.06395615866388307
3 0.8390616621983915 0.9068162839248435 0.10300268096514764 0.07640918580375787
3 0.6960991957104558 0.2316597077244259 0.06802949061662199 0.061482254697285986
3 0.6195040214477211 0.2386221294363257 0.0621983914209115 0.05580375782881
3 0.6916353887399465 0.2898016701461378 0.08462466487935671 0.06444676409185805
3 0.6287533512064344 0.29080375782881 0.07687667560321719 0.07073068893528182
0 0.6070643431635389 0.5149373695198329 0.05843163538873999 0.07331941544885179
0 0.5566487935656836 0.6401774530271398 0.09033512064343162 0.0613465553235908
0 0.6539678284182305 0.7599582463465553 0.1081367292225199 0.08679540709812118
0 0.7774664879356569 0.8610960334029227 0.09853887399463805 0.0783820459290187
5 0.1193029490616622 0.9843423799582464 0.1260053619302949 0.031315240083507306