7 0.28105952380952387 0.3685277777777778 0.058059523809523825 0.06012962962962968
7 0.35361904761904767 0.36257407407407405 0.06260714285714289 0.048222222222222264
7 0.2895595238095238 0.32001851851851854 0.06778571428571428 0.049212962962962944
7 0.34851190476190474 0.3233333333333333 0.07280952380952377 0.05790740740740737
3 0.4105833333333333 0.5109166666666667 0.0881190476190476 0.061064814814814856
3 0.3694880952380952 0.6440462962962964 0.06488095238095239 0.06462962962962959
3 0.26179761904761906 0.7379537037037037 0.08979761904761906 0.056731481481481466
3 0.15721428571428572 0.8210462962962963 0.0914761904761905 0.06777777777777783
3 0.28417857142857145 0.22215740740740741 0.0604166666666667 0.054537037037037016
3 0.352202380952381 0.22833333333333333 0.05523809523809521 0.04949999999999998
3 0.28814285714285715 0.27373148148148146 0.07515476190476193 0.05716666666666668
3 0.3439880952380952 0.27462037037037035 0.06827380952380956 0.06274074074074074
0 0.36325 0.4734351851851851 0.05189285714285718 0.06503703703703699
0 0.4080238095238095 0.5845277777777778 0.08022619047619046 0.05441666666666665
0 0.3215952380952381 0.6907777777777777 0.09603571428571427 0.07699074074074083
0 0.21191666666666664 0.7804907407407407 0.08751190476190475 0.0695277777777777
5 0.7966071428571428 0.9184814814814816 0.11201190476190466 0.08456481481481475