5 0.6920238095238095 0.9147314814814815 0.10008333333333326 0.08940740740740746
3 0.2702857142857143 0.5944444444444444 0.07685714285714286 0.055731481481481535
3 0.3754404761904762 0.24243518518518517 0.06605952380952382 0.04748148148148146
3 0.31394047619047616 0.26492592592592595 0.04672619047619048 0.06626851851851849
3 0.3723214285714286 0.27814814814814814 0.05920238095238097 0.0503981481481481
3 0.4457261904761905 0.2732962962962963 0.06545238095238097 0.04951851851851854
3 0.43636904761904766 0.2300925925925926 0.08928571428571429 0.059824074074074085
3 0.4474285714285714 0.43399074074074073 0.0688571428571429 0.04296296296296294
3 0.395 0.5788055555555556 0.0886904761904762 0.0628425925925927
7 0.3794047619047619 0.31936111111111115 0.060392857142857165 0.050537037037037075
7 0.4392142857142857 0.3134166666666667 0.0682857142857143 0.05923148148148151
7 0.43014285714285716 0.36212962962962963 0.07282142857142852 0.05439814814814815
7 0.36692857142857144 0.3623425925925926 0.08307142857142853 0.049203703703703694
0 0.3139285714285714 0.2166388888888889 0.07571428571428575 0.07790740740740743
0 0.39867857142857144 0.3636759259259259 0.07791666666666672 0.07512037037037037
0 0.41314285714285715 0.512898148148148 0.0818928571428571 0.05091666666666667
0 0.3479523809523809 0.5986481481481482 0.07394047619047621 0.0655