5 0.7155472636815919 0.9283462282398454 0.10456467661691535 0.09338491295938099
3 0.27492537313432835 0.5938104448742747 0.08029850746268657 0.05821083172147007
3 0.38478855721393035 0.2261411992263056 0.06901741293532339 0.04959381044487425
3 0.32053482587064674 0.24963249516441005 0.048818407960199005 0.06921663442940032
3 0.38152985074626866 0.2634429400386847 0.061853233830845795 0.05264023210831716
3 0.4582213930348259 0.2583752417794971 0.06838308457711445 0.05172147001934238
3 0.44844527363184084 0.21324951644100582 0.09328358208955224 0.06248549323017409
3 0.45999999999999996 0.42621856866537716 0.07194029850746272 0.04487427466150868
3 0.4052238805970149 0.5774758220502901 0.09266169154228855 0.06563829787234055
7 0.3889303482587064 0.3064893617021277 0.06309701492537316 0.052785299806576445
7 0.4514179104477612 0.30028046421663446 0.07134328358208956 0.061866537717601575
7 0.4419402985074627 0.3511605415860735 0.07608208955223876 0.056818181818181816
7 0.37589552238805973 0.35138297872340424 0.08679104477611937 0.051392649903288186
0 0.32052238805970146 0.19919729206963252 0.07910447761194032 0.08137330754352029
0 0.40906716417910444 0.35277562862669243 0.08140547263681598 0.07846228239845261
0 0.424179104477612 0.5086363636363636 0.08555970149253726 0.05318181818181819
0 0.3560696517412935 0.598201160541586 0.07725124378109455 0.06841392649903288