5 0.669240837696335 0.9388085539714869 0.11003926701570672 0.09832993890020361
3 0.20554973821989528 0.5865580448065173 0.08450261780104712 0.061293279022403314
3 0.3211649214659686 0.19941955193482686 0.07263089005235604 0.05221995926680242
3 0.25354712041884814 0.22415478615071283 0.05137434554973822 0.07288187372708751
3 0.31773560209424084 0.23869653767820773 0.06509162303664924 0.05542769857433803
3 0.3984424083769634 0.2333604887983707 0.07196335078534034 0.05446028513238291
3 0.38815445026178014 0.18584521384928718 0.09816753926701571 0.06579429735234217
3 0.4003141361256544 0.410091649694501 0.07570680628272256 0.04725050916496943
3 0.34267015706806286 0.5693584521384929 0.0975130890052356 0.06911405295315694
7 0.3255235602094241 0.28402240325865585 0.06640052356020945 0.055580448065173156
7 0.391282722513089 0.2774847250509165 0.07507853403141362 0.06514256619144605
7 0.3813089005235602 0.3310590631364562 0.08006544502617796 0.059826883910386965
7 0.31180628272251315 0.33129327902240324 0.09133507853403137 0.054114052953156806
0 0.2535340314136125 0.17104887983706724 0.08324607329842935 0.08568228105906313
0 0.34671465968586385 0.33275967413441954 0.08566753926701577 0.08261710794297351
0 0.36261780104712044 0.4968737270875763 0.09003926701570676 0.055997963340122206
0 0.29094240837696334 0.5911812627291242 0.08129581151832463 0.07203665987780042