5 0.9628378378378378 0.9847689075630253 0.07432432432432433 0.03046218487394958
7 0.6492567567567568 0.38510504201680673 0.07885135135135138 0.06120798319327729
7 0.6412027027027027 0.3293382352941176 0.07108108108108095 0.05832983193277308
3 0.5636621621621621 0.24381302521008405 0.07431081081081083 0.06136554621848735
3 0.5633513513513514 0.29834033613445377 0.07689189189189186 0.06968487394957987
3 0.7341891891891891 0.29108193277310923 0.07886486486486473 0.05117647058823532
3 0.6434594594594595 0.23456932773109243 0.06400000000000002 0.051859243697479
3 0.6428108108108109 0.2870903361344538 0.06082432432432431 0.059180672268907594
3 0.8001351351351351 0.2400735294117647 0.061499999999999985 0.051165966386554664
3 0.7203378378378378 0.2398109243697479 0.08263513513513526 0.0833718487394958
0 0.5713918918918919 0.16654411764705884 0.0897567567567567 0.07788865546218485
0 0.6318783783783782 0.17154411764705882 0.08716216216216216 0.08589285714285712
0 0.7174594594594594 0.16430672268907562 0.08143243243243242 0.06763655462184873
0 0.7962702702702703 0.17180672268907562 0.08209459459459459 0.07064075630252101