5 0.8926785714285714 0.9182592592592593 0.0865238095238096 0.07177777777777776
7 0.605297619047619 0.3663148148148148 0.06946428571428574 0.053953703703703684
7 0.598202380952381 0.3171574074074074 0.06261904761904757 0.05141666666666664
3 0.9476428571428571 0.8629074074074075 0.07559523809523809 0.07064814814814811
3 0.9849761904761904 0.8723981481481482 0.03004761904761906 0.05343518518518522
3 0.5298928571428572 0.24176851851851852 0.06546428571428572 0.05409259259259258
3 0.5296190476190477 0.28983333333333333 0.06773809523809521 0.06142592592592595
3 0.6801190476190475 0.2834351851851852 0.06947619047619036 0.045111111111111137
3 0.6001904761904763 0.23362037037037037 0.0563809523809524 0.04571296296296297
3 0.5996190476190477 0.27991666666666665 0.05358333333333339 0.052166666666666694
3 0.7382142857142857 0.23847222222222222 0.054178571428571416 0.04510185185185186
3 0.6679166666666666 0.23824074074074075 0.07279761904761915 0.07349074074074075
0 0.536702380952381 0.17365740740740743 0.07907142857142853 0.06865740740740739
0 0.5899880952380951 0.17806481481481481 0.07678571428571422 0.07571296296296294
0 0.6653809523809523 0.17168518518518516 0.07173809523809523 0.05962037037037036
0 0.7348095238095238 0.17829629629629629 0.07232142857142858 0.06226851851851852