5 0.10732142857142854 0.9182592592592593 0.0865238095238096 0.07177777777777776
7 0.39470238095238097 0.3663148148148148 0.06946428571428574 0.053953703703703684
7 0.401797619047619 0.3171574074074074 0.0626190476190475 0.05141666666666664
3 0.05235714285714288 0.8629074074074075 0.07559523809523809 0.07064814814814811
3 0.01502380952380953 0.8723981481481482 0.03004761904761906 0.05343518518518522
3 0.47010714285714283 0.24176851851851852 0.06546428571428572 0.05409259259259255
3 0.4703809523809524 0.28983333333333333 0.06773809523809521 0.06142592592592595
3 0.31988095238095243 0.2834351851851852 0.06947619047619036 0.045111111111111137
3 0.3998095238095238 0.23362037037037037 0.0563809523809524 0.04571296296296297
3 0.4003809523809523 0.27991666666666665 0.05358333333333332 0.052166666666666694
3 0.26178571428571423 0.23847222222222222 0.054178571428571416 0.045101851851851886
3 0.3320833333333334 0.23824074074074075 0.07279761904761915 0.07349074074074075
0 0.46329761904761907 0.17365740740740743 0.07907142857142853 0.06865740740740739
0 0.41001190476190486 0.17806481481481481 0.07678571428571429 0.07571296296296294
0 0.33461904761904765 0.17168518518518516 0.07173809523809523 0.05962037037037036
0 0.2651904761904762 0.17829629629629629 0.07232142857142858 0.06226851851851852