0 0.7549404761904762 0.18359259259259259 0.06948809523809511 0.06226851851851852
0 0.6835119047619047 0.17167592592592593 0.0937738095238095 0.0673425925925926
0 0.6271071428571429 0.17365740740740743 0.07961904761904769 0.06337037037037037
0 0.5505833333333333 0.17344444444444443 0.06942857142857149 0.06557407407407406
3 0.5928214285714286 0.5616111111111111 0.08079761904761898 0.06549074074074075
3 0.6084047619047619 0.48886111111111114 0.06260714285714289 0.05356481481481478
3 0.6650952380952381 0.48050000000000004 0.0552976190476191 0.058407407407407394
3 0.5576666666666666 0.23339814814814813 0.07339285714285712 0.05321296296296299
3 0.5573928571428571 0.27903703703703703 0.05980952380952382 0.05922222222222225
3 0.7572023809523809 0.23714814814814816 0.0581547619047618 0.053037037037037014
3 0.6940000000000001 0.23405555555555554 0.056928571428571356 0.04660185185185184
3 0.6126547619047619 0.23560185185185184 0.0881190476190476 0.057620370370370384
3 0.6290952380952382 0.2838796296296296 0.06946428571428567 0.04951851851851854
3 0.6976904761904761 0.27396296296296296 0.0615476190476191 0.050842592592592564
7 0.6205952380952381 0.3076851851851852 0.06605952380952382 0.04952777777777779
7 0.6234285714285713 0.3601481481481481 0.06266666666666672 0.053953703703703684
5 0.7067619047619047 0.9235462962962964 0.09102380952380956 0.07177777777777787