0 0.22231250000000002 0.17794174757281553 0.07296249999999986 0.06529126213592233
0 0.29731250000000004 0.16544660194174757 0.09846249999999998 0.07061165048543691
0 0.3565375 0.1675242718446602 0.08360000000000013 0.06644660194174758
0 0.4368875 0.1673009708737864 0.07290000000000006 0.06875728155339805
3 0.3925375 0.5743106796116505 0.08483749999999986 0.06866990291262137
3 0.376175 0.49802912621359224 0.06573750000000005 0.056165048543689235
3 0.31665000000000004 0.48926213592233014 0.05806250000000006 0.06124271844660187
3 0.42945 0.23016504854368933 0.07706249999999998 0.055796116504854394
3 0.42973750000000005 0.27801941747572817 0.06280000000000001 0.062097087378640815
3 0.21993750000000006 0.2340970873786408 0.06106249999999989 0.05561165048543687
3 0.28629999999999994 0.23085436893203884 0.05977499999999992 0.048864077669902896
3 0.3717125 0.2324757281553398 0.09252499999999998 0.06041747572815536
3 0.35444999999999993 0.28309708737864075 0.07293749999999989 0.051922330097087396
3 0.2824250000000001 0.2726990291262136 0.06462500000000006 0.05331067961165045
7 0.36337500000000006 0.3080582524271845 0.06936250000000001 0.05193203883495146
7 0.36040000000000005 0.3630679611650485 0.06580000000000012 0.05657281553398057
5 0.2729000000000001 0.9538155339805826 0.09557500000000005 0.07526213592233008