0 0.21184554973821992 0.10720977596741345 0.07640052356020928 0.0684826883910387
0 0.2903795811518325 0.09410386965376781 0.10310209424083767 0.07406313645621183
0 0.3523952879581152 0.09628309572301427 0.08753926701570695 0.06969450101832994
0 0.4365314136125654 0.0960488798370672 0.07633507853403147 0.07211812627291242
3 0.3900916230366492 0.5229531568228105 0.08883507853403128 0.07202647657841142
3 0.37295811518324606 0.4429429735234216 0.06883507853403145 0.05891038696537669
3 0.31062827225130896 0.4337474541751528 0.06079842931937179 0.06423625254582477
3 0.4287434554973822 0.1619857433808554 0.08069371727748688 0.058523421588594735
3 0.4290445026178011 0.21217922606924644 0.06575916230366494 0.06513238289205707
3 0.20935863874345556 0.16610997963340124 0.06393979057591612 0.05832993890020364
3 0.27884816753926694 0.16270875763747455 0.06259162303664913 0.051252545824847236
3 0.3682853403141361 0.16440936863543787 0.09688481675392668 0.06337067209775969
3 0.35020942408376954 0.21750509164969448 0.0763743455497381 0.05446028513238291
3 0.27479057591623046 0.2065987780040733 0.06767015706806288 0.05591649694501015
7 0.3595549738219896 0.24368635437881875 0.07263089005235604 0.054470468431771904
7 0.3564397905759163 0.30138492871690425 0.06890052356020955 0.05933808553971485
5 0.2648167539267016 0.9210081466395112 0.10007853403141366 0.07894093686354377