3 0.25498809523809524 0.2448611111111111 0.07345238095238094 0.06025925925925927
3 0.31876190476190475 0.24156481481481482 0.09490476190476194 0.06009259259259257
3 0.32215476190476194 0.28057407407407403 0.07450000000000001 0.0587777777777778
3 0.3884761904761905 0.23781481481481478 0.06430952380952379 0.06493518518518518
3 0.4474285714285714 0.24354629629629626 0.06205952380952381 0.058768518518518546
3 0.5265 0.24156481481481482 0.06377380952380958 0.06009259259259257
0 0.3164880952380953 0.17542592592592593 0.09101190476190478 0.06161111111111113
0 0.3825238095238095 0.17499074074074075 0.09321428571428567 0.07152777777777777
0 0.46017857142857144 0.17675925925925925 0.08757142857142865 0.07328703703703707
0 0.5307499999999999 0.18028703703703705 0.08588095238095236 0.06624074074074075
5 0.6900357142857143 0.9147314814814815 0.1346666666666668 0.08412037037037039