3 0.2195391061452514 0.14148590021691973 0.08617318435754188 0.07058568329718008
3 0.29435754189944136 0.13762472885032537 0.11134078212290506 0.07039045553145334
3 0.29833798882681567 0.18331887201735356 0.08740223463687156 0.06885032537960957
3 0.37614525139664806 0.13323210412147501 0.07544692737430166 0.07606290672451192
3 0.4453072625698324 0.1399457700650759 0.0728072625698324 0.06883947939262476
3 0.538072625698324 0.13762472885032537 0.07481843575419002 0.07039045553145334
0 0.2916899441340782 0.060151843817787425 0.10677374301675983 0.07216919739696315
0 0.36916201117318437 0.05964208242950109 0.10935754189944127 0.08378524945770065
0 0.46026536312849164 0.06171366594360087 0.10273743016759784 0.08584598698481566
0 0.5430586592178771 0.06584598698481563 0.10075418994413406 0.07759219088937096
5 0.7299301675977654 0.9261496746203906 0.15798882681564264 0.0985357917570498