3 0.7642989417989418 0.2679526748971193 0.08161375661375668 0.0669547325102881
3 0.6934391534391534 0.2642901234567901 0.10544973544973549 0.06676954732510286
3 0.6896693121693122 0.30763374485596706 0.08277777777777798 0.06530864197530865
3 0.615978835978836 0.26012345679012344 0.07145502645502642 0.07215020576131687
3 0.5504761904761906 0.26649176954732506 0.06895502645502645 0.06529835390946505
3 0.46261904761904765 0.2642901234567901 0.07085978835978843 0.06676954732510286
0 0.6959656084656084 0.19080246913580248 0.10112433862433869 0.06845679012345682
0 0.6225925925925926 0.19031893004115227 0.10357142857142851 0.07947530864197531
0 0.5363095238095238 0.19228395061728396 0.09730158730158738 0.0814300411522634
0 0.4578968253968254 0.1962037037037037 0.09542328042328041 0.07360082304526751
5 0.2810846560846561 0.9825102880658436 0.14947089947089948 0.03497942386831276