5 0.4831428571428571 0.9178148148148149 0.07907142857142853 0.08852777777777779
7 0.10591666666666666 0.49702777777777774 0.08863095238095237 0.0967685185185185
7 0.1481309523809524 0.44257407407407406 0.06723809523809525 0.06151851851851857
7 0.20510714285714285 0.406 0.06710714285714287 0.06984259259259265
7 0.28645238095238096 0.3469259259259259 0.09150000000000001 0.06629629629629631
7 0.33292857142857146 0.3101111111111111 0.08697619047619051 0.06849074074074077
7 0.46869047619047616 0.2166574074074074 0.07736904761904763 0.054351851851851866
7 0.5191309523809524 0.1652962962962963 0.07851190476190481 0.06975925925925923
0 0.2005595238095238 0.17762962962962964 0.09386904761904757 0.07130555555555555
0 0.2776547619047619 0.17167592592592593 0.07798809523809526 0.06204629629629629
0 0.3414285714285714 0.17433333333333334 0.08357142857142859 0.07549074074074077
0 0.41427380952380954 0.16706481481481483 0.09776190476190477 0.0926851851851852
3 0.12178571428571426 0.2287777777777778 0.07729761904761905 0.0592037037037037
3 0.20539285714285715 0.22260185185185186 0.06994047619047619 0.050379629629629656
3 0.19745238095238096 0.2741851851851852 0.0858095238095238 0.053046296296296265
3 0.2736904761904762 0.2338425925925926 0.06598809523809525 0.05700000000000003
3 0.34029761904761907 0.2331851851851852 0.07223809523809521 0.06096296296296294
3 0.41427380952380954 0.24177777777777779 0.06374999999999995 0.056999999999999974