5 0.5187160493827161 0.9386923076923077 0.08199999999999995 0.09193269230769242
7 0.9099135802469136 0.5017211538461538 0.09191358024691364 0.1004903846153846
7 0.8661358024691357 0.44517307692307695 0.06972839506172841 0.06388461538461544
7 0.8070493827160494 0.4071923076923077 0.06959259259259246 0.07252884615384622
7 0.7226913580246913 0.34584615384615386 0.09488888888888876 0.06884615384615386
7 0.6744938271604938 0.3076153846153846 0.09019753086419746 0.07112500000000002
7 0.5337037037037037 0.2105673076923077 0.08023456790123458 0.056442307692307736
7 0.4813950617283951 0.15723076923076923 0.08141975308641981 0.07244230769230767
0 0.8117654320987654 0.17003846153846155 0.09734567901234557 0.07404807692307691
0 0.7318148148148148 0.16385576923076922 0.08087654320987653 0.0644326923076923
0 0.665679012345679 0.1666153846153846 0.08666666666666673 0.0783942307692308
0 0.5901358024691358 0.1590673076923077 0.10138271604938258 0.09625000000000002
3 0.8934567901234568 0.22315384615384617 0.08016049382716058 0.06148076923076923
3 0.8067530864197531 0.2167403846153846 0.07253086419753087 0.05231730769230772
3 0.8149876543209876 0.2703076923076923 0.08898765432098757 0.05508653846153843
3 0.735925925925926 0.22841346153846154 0.06843209876543217 0.05919230769230775
3 0.6668518518518518 0.22773076923076924 0.07491358024691366 0.06330769230769229
3 0.5901358024691358 0.23665384615384616 0.06611111111111105 0.05919230769230764