5 0.5406060606060606 0.9226326129666012 0.0838636363636363 0.0939194499017683
7 0.9406944444444444 0.4762180746561886 0.09400252525252531 0.10266208251473477
7 0.8959217171717171 0.41844793713163064 0.07131313131313134 0.06526522593320241
7 0.8354924242424243 0.3796463654223969 0.07117424242424229 0.0740962671905698
7 0.7492171717171717 0.31697445972495086 0.09704545454545442 0.07033398821218077
7 0.6999242424242423 0.27791748526522597 0.09224747474747468 0.0726620825147348
7 0.5559343434343434 0.1787721021611002 0.08205808080808082 0.05766208251473482
7 0.5024368686868687 0.12428290766208253 0.08327020202020208 0.07400785854616894
0 0.8403156565656565 0.13736738703339882 0.09955808080808069 0.07564833005893909
0 0.7585479797979797 0.13105108055009823 0.08271464646464645 0.06582514734774066
0 0.6909090909090909 0.1338703339882122 0.0886363636363637 0.08008840864440081
0 0.6136489898989899 0.12615913555992142 0.10368686868686855 0.09833005893909628
3 0.9238636363636364 0.19163064833005894 0.08198232323232331 0.06280943025540275
3 0.835189393939394 0.1850785854616896 0.07417929292929293 0.05344793713163067
3 0.8436111111111111 0.23980353634577603 0.09101010101010092 0.05627701375245576
3 0.7627525252525252 0.1970039292730845 0.06998737373737382 0.060471512770137584
3 0.6921085858585858 0.1963064833005894 0.0766161616161617 0.06467583497053042
3 0.6136489898989899 0.20542239685658154 0.0676136363636363 0.06047151277013747