5 0.7016539440203562 0.9575098814229249 0.10814249363867684 0.08498023715415019
0 0.39606870229007635 0.1548814229249012 0.08573791348600507 0.08268774703557313
0 0.4718066157760814 0.15819169960474308 0.07541984732824424 0.05750988142292489
0 0.5311704834605598 0.16948616600790514 0.07300254452926208 0.07445652173913041
0 0.628091603053435 0.15066205533596838 0.09725190839694664 0.08385375494071147
3 0.33520356234096693 0.22193675889328063 0.08325699745547081 0.04577075098814229
3 0.4045674300254453 0.2221739130434783 0.07903307888040713 0.05941699604743082
3 0.415470737913486 0.26027667984189723 0.0863104325699746 0.050958498023715465
3 0.4748346055979644 0.22593873517786559 0.07662849872773539 0.05753952569169962
3 0.5496437659033079 0.23111660079051383 0.09057251908396953 0.05847826086956517
7 0.33005089058524173 0.3228557312252965 0.07538167938931298 0.05569169960474309
7 0.32944020356234094 0.3670750988142293 0.054796437659033144 0.05193675889328058
7 0.415470737913486 0.3633102766798419 0.0935750636132315 0.07640316205533602
7 0.6271882951653944 0.3181521739130435 0.0663613231552164 0.053804347826087
7 0.6159796437659033 0.3557905138339921 0.08513994910941484 0.0745158102766798
7 0.6947328244274809 0.3666106719367589 0.0875826972010177 0.08674901185770748
7 0.6932188295165395 0.31038537549407114 0.11362595419847321 0.06650197628458493