5 0.27988431876606684 0.9383300000000001 0.10929305912596397 0.10084999999999991
0 0.5895758354755785 0.11774000000000001 0.08661953727506425 0.08368
0 0.5130591259640103 0.12109 0.07619537275064264 0.05819999999999999
0 0.4530848329048843 0.13252 0.07375321336760925 0.07534999999999997
0 0.3551670951156813 0.11347 0.09825192802056562 0.08486000000000002
3 0.6510668380462724 0.1856 0.08411311053984583 0.04631999999999999
3 0.5809897172236503 0.18584000000000003 0.07984575835475578 0.060129999999999996
3 0.569974293059126 0.2244 0.08719794344473011 0.05157000000000005
3 0.51 0.18964999999999999 0.0774164524421594 0.05823000000000002
3 0.43442159383033424 0.19488999999999998 0.09150385604113118 0.05917999999999995
7 0.6562724935732647 0.28773000000000004 0.07615681233933162 0.056360000000000014
7 0.6568894601542417 0.33248 0.05535989717223657 0.05255999999999995
7 0.569974293059126 0.32867 0.09453727506426729 0.07732000000000006
7 0.3560796915167095 0.28297000000000005 0.06704370179948596 0.05445000000000005
7 0.3674035989717224 0.32106 0.08601542416452451 0.07540999999999996
7 0.28784061696658103 0.33200999999999997 0.08848329048843177 0.08778999999999997
7 0.2893701799485861 0.27511 0.11479434447300764 0.06729999999999996