5 0.7050595238095239 0.9299351851851854 0.10122619047619044 0.09337962962962965
0 0.4182261904761905 0.17012962962962963 0.08022619047619046 0.07748148148148148
0 0.4890952380952381 0.1732314814814815 0.07057142857142853 0.053888888888888875
0 0.5446428571428571 0.18381481481481482 0.0683095238095238 0.0697685185185185
0 0.6353333333333333 0.16617592592592592 0.09100000000000007 0.07857407407407409
3 0.36127380952380955 0.23296296296296296 0.07790476190476198 0.04288888888888888
3 0.42617857142857146 0.23318518518518522 0.07395238095238096 0.05567592592592595
3 0.43638095238095237 0.26888888888888884 0.0807619047619048 0.04775000000000005
3 0.49192857142857144 0.23671296296296293 0.07170238095238098 0.053916666666666654
3 0.5619285714285714 0.24156481481481482 0.08475000000000006 0.054796296296296274
7 0.35645238095238096 0.3275277777777778 0.07053571428571428 0.052185185185185196
7 0.35588095238095235 0.368962962962963 0.05127380952380958 0.048666666666666615
7 0.43638095238095237 0.3654351851851852 0.08755952380952375 0.07159259259259264
7 0.6344880952380952 0.3231203703703704 0.06209523809523813 0.05041666666666671
7 0.624 0.35838888888888887 0.07966666666666669 0.06982407407407404
7 0.6976904761904761 0.3685277777777778 0.08195238095238086 0.081287037037037
7 0.6962738095238096 0.3158425925925926 0.10632142857142851 0.062314814814814774