5 0.3640710382513661 0.9664893617021276 0.09699453551912568 0.06702127659574468
0 0.2430464480874317 0.12297872340425531 0.09132513661202181 0.07686170212765958
0 0.3305327868852459 0.1204468085106383 0.09199453551912573 0.08395744680851065
0 0.4160655737704918 0.12551063829787232 0.08877049180327871 0.0819255319148936
0 0.49021857923497264 0.12627659574468084 0.12000000000000004 0.08647872340425534
0 0.25669398907103824 0.12348936170212767 0.08428961748633879 0.09003191489361702
0 0.3295491803278689 0.125531914893617 0.08224043715847 0.0943404255319149
0 0.41540983606557375 0.11919148936170212 0.0900683060109289 0.09788297872340425
3 0.1044945355191257 0.1913723404255319 0.07959016393442622 0.05991489361702133
3 0.18743169398907103 0.19997872340425535 0.08937158469945357 0.06701063829787235
3 0.42256830601092893 0.18680851063829787 0.06795081967213117 0.07510638297872337
3 0.4970491803278688 0.1966914893617021 0.08683060109289625 0.07055319148936164
3 0.6609699453551913 0.18706382978723407 0.09467213114754092 0.07156382978723402
3 0.6372267759562841 0.23974468085106385 0.08360655737704924 0.06347872340425527
3 0.5747677595628415 0.2359255319148936 0.07251366120218584 0.0656808510638298
3 0.4983333333333333 0.238468085106383 0.07968579234972684 0.06467021276595741
3 0.41930327868852457 0.23896808510638298 0.07385245901639352 0.07175531914893622
3 0.3282377049180328 0.24529787234042552 0.07127049180327863 0.07529787234042551
7 0.32759562841530054 0.296468085106383 0.09394808743169396 0.06552127659574472
7 0.3315027322404372 0.3298936170212766 0.08614754098360664 0.059457446808510624
7 0.41508196721311474 0.3407872340425532 0.07120218579234973 0.06503191489361701
7 0.422896174863388 0.29925531914893616 0.07120218579234973 0.06907446808510632