5 0.3536450839328537 0.9214338919925513 0.0858872901678657 0.08459031657355671
0 0.24689448441247003 0.17001862197392922 0.08015587529976015 0.06727188081936686
0 0.3236810551558753 0.16780260707635009 0.08074340527577942 0.07348230912476723
0 0.39875299760191846 0.17223463687150836 0.07791366906474823 0.07170391061452513
0 0.46383693045563545 0.1729050279329609 0.10532374100719429 0.07568901303538177
0 0.25887290167865706 0.1704655493482309 0.07398081534772182 0.07879888268156424
0 0.3228177458033573 0.17225325884543763 0.07218225419664275 0.08256983240223464
0 0.39817745803357313 0.16670391061452514 0.07905275779376493 0.08567039106145251
3 0.12528776978417266 0.22987895716945994 0.06985611510791366 0.052439478584730026
3 0.19808153477218224 0.23741154562383615 0.0784412470023981 0.05864990689013036
3 0.40446043165467627 0.22588454376163872 0.05964028776978418 0.06573556797020481
3 0.46983213429256593 0.2345344506517691 0.07621103117506002 0.06175046554934817
3 0.6137050359712231 0.2261080074487896 0.08309352517985606 0.06263500931098695
3 0.5928657074340526 0.2722160148975792 0.07338129496402883 0.05555865921787706
3 0.5380455635491607 0.26887337057728117 0.06364508393285377 0.05748603351955308
3 0.4709592326139088 0.271098696461825 0.06994004796163074 0.056601489757914306
3 0.40159472422062353 0.271536312849162 0.06482014388489216 0.06280260707635013
3 0.32166666666666666 0.2770763500931099 0.06255395683453233 0.06590316573556794
7 0.32110311750599524 0.32186219739292365 0.08245803357314146 0.05734636871508383
7 0.32453237410071945 0.3511173184357542 0.07561151079136698 0.05203910614525138
7 0.39788968824940046 0.3606517690875233 0.06249400479616307 0.05691806331471135
7 0.40474820143884893 0.32430167597765364 0.06249400479616307 0.06045623836126625