5 0.35588095238095235 0.9200185185185187 0.08527380952380952 0.08412037037037039
0 0.24989285714285714 0.17277777777777778 0.0795833333333333 0.06689814814814815
0 0.32613095238095235 0.17057407407407407 0.0801666666666667 0.07307407407407408
0 0.40066666666666667 0.17498148148148146 0.07735714285714287 0.07130555555555555
0 0.46528571428571425 0.17564814814814814 0.1045714285714286 0.07526851851851854
0 0.2617857142857143 0.17322222222222222 0.07345238095238094 0.0783611111111111
0 0.3252738095238095 0.175 0.07166666666666668 0.08211111111111112
0 0.40009523809523806 0.16948148148148148 0.07848809523809518 0.08519444444444443
3 0.1291547619047619 0.23230555555555554 0.06935714285714287 0.052148148148148166
3 0.2014285714285714 0.2397962962962963 0.0778809523809524 0.058324074074074084
3 0.4063333333333333 0.22833333333333333 0.059214285714285726 0.06537037037037034
3 0.47123809523809523 0.23693518518518517 0.07566666666666674 0.061407407407407376
3 0.6140833333333334 0.2285555555555556 0.08249999999999995 0.062287037037037044
3 0.593392857142857 0.27440740740740743 0.07285714285714284 0.05524999999999996
3 0.5389642857142858 0.27108333333333334 0.06319047619047624 0.05716666666666668
3 0.4723571428571428 0.2732962962962963 0.06944047619047623 0.056287037037037004
3 0.40348809523809526 0.27373148148148146 0.06435714285714293 0.06245370370370375
3 0.32413095238095235 0.27924074074074073 0.06210714285714284 0.06553703703703702
7 0.32357142857142857 0.3237777777777778 0.08186904761904759 0.05702777777777781
7 0.32697619047619053 0.3528703703703704 0.07507142857142861 0.05174999999999999
7 0.3998095238095238 0.3623518518518518 0.06204761904761905 0.05660185185185185
7 0.4066190476190476 0.3262037037037037 0.06204761904761905 0.060120370370370324