0 0.43297120418848173 0.1354786150712831 0.07884816753926703 0.07478615071283096
0 0.35630890052356023 0.1354786150712831 0.09756544502617796 0.07478615071283096
0 0.2790314136125654 0.13063136456211813 0.07514397905759174 0.06315682281059061
3 0.49404450261780103 0.2089307535641548 0.08880890052356023 0.07044806517311604
3 0.4345287958115184 0.20336048879837065 0.08570680628272254 0.07287169042769863
3 0.4292277486910995 0.2528105906313646 0.0638874345549739 0.04961303462321795
3 0.35537958115183244 0.19438900203665987 0.09195026178010471 0.07043788187372704
3 0.27341623036649215 0.20044806517311609 0.0963350785340313 0.07287169042769857
7 0.5170942408376963 0.2930549898167006 0.10500000000000004 0.05641547861507126
7 0.5170942408376963 0.3473523421588595 0.08256544502617806 0.05255600814663953
7 0.4410732984293194 0.33935845213849286 0.065130890052356 0.07146639511201636
7 0.22793193717277485 0.614501018329939 0.08013089005235606 0.05942973523421578
7 0.16591623036649214 0.6220162932790224 0.057094240837696195 0.05313645621181269
7 0.09954188481675387 0.590010183299389 0.08514397905759157 0.0531262729124237
5 0.3631675392670158 0.9453971486761711 0.11874345549738223 0.08717922606924633