0 0.4610048426150121 0.16858757062146892 0.07292978208232447 0.06915254237288135
0 0.39009685230024216 0.16858757062146892 0.09024213075060528 0.06915254237288135
0 0.3186198547215496 0.164105461393597 0.06950363196125918 0.058399246704331435
3 0.5174939467312348 0.23650659133709984 0.08214285714285717 0.06514124293785306
3 0.4624455205811138 0.23135593220338982 0.07927360774818404 0.06738229755178914
3 0.45754237288135596 0.2770809792843691 0.059092009685230096 0.04587570621468929
3 0.3892372881355932 0.22306026365348397 0.08504842615012106 0.06513182674199619
3 0.31342615012106534 0.22866290018832391 0.08910411622276018 0.06738229755178908
7 0.5388135593220339 0.31429378531073443 0.09711864406779665 0.05216572504708096
7 0.5388135593220339 0.3645009416195857 0.07636803874092014 0.04859698681732581
7 0.468498789346247 0.3571092278719397 0.06024213075060532 0.06608286252354055
7 0.2713559322033898 0.6115254237288136 0.07411622276029059 0.054952919020715536
7 0.2139951573849879 0.6184745762711865 0.05280871670702166 0.049133709981167666
7 0.1526029055690072 0.588879472693032 0.07875302663438251 0.0491242937853108
5 0.3964406779661017 0.9174952919020716 0.1098305084745763 0.0806120527306967