0 0.5395357142857142 0.1741111111111111 0.07171428571428573 0.06799999999999999
0 0.6092619047619048 0.1741111111111111 0.0887380952380952 0.06799999999999999
0 0.6795476190476191 0.16970370370370372 0.0683452380952382 0.05742592592592591
3 0.4839880952380953 0.24089814814814817 0.08077380952380955 0.06405555555555553
3 0.5381190476190476 0.2358333333333333 0.07795238095238097 0.06625925925925928
3 0.5429404761904761 0.28079629629629627 0.05810714285714293 0.045111111111111137
3 0.6101071428571428 0.22767592592592592 0.08363095238095238 0.06404629629629628
3 0.6846547619047619 0.2331851851851852 0.08761904761904751 0.06625925925925927
7 0.4630238095238095 0.3173888888888889 0.09550000000000003 0.05129629629629628
7 0.4630238095238095 0.3667592592592593 0.07509523809523815 0.04778703703703705
7 0.5321666666666667 0.3594907407407407 0.05923809523809523 0.06498148148148154
7 0.7260238095238095 0.6096666666666667 0.07288095238095241 0.054037037037036946
7 0.7824285714285715 0.6165 0.051928571428571296 0.04831481481481487
7 0.8427976190476191 0.5873981481481482 0.07744047619047614 0.04830555555555562
5 0.6030238095238095 0.910537037037037 0.10799999999999997 0.07926851851851843