5 0.6597774869109948 0.9196537678207739 0.09569371727748693 0.10027494908350308
7 0.8993979057591622 0.33033604887983703 0.09886125654450258 0.06565173116089616
7 0.9093586387434555 0.26535641547861505 0.07814136125654456 0.06042769857433812
7 0.45939790575916234 0.3194093686354379 0.07573298429319374 0.06671079429735233
7 0.3886649214659686 0.27529531568228105 0.09009162303664926 0.059938900203666004
7 0.3942801047120419 0.3186965376782077 0.0806806282722513 0.07146639511201625
3 0.3733900523560209 0.1734725050916497 0.08323298429319376 0.07743380855397151
3 0.4631413612565445 0.16717922606924646 0.08879581151832465 0.04571283095723013
3 0.4668848167539267 0.2260896130346232 0.06636125654450267 0.053004073319755554
3 0.5363743455497383 0.1894908350305499 0.08070680628272248 0.08256619144602856
0 0.4525392670157068 0.10172097759674133 0.10689790575916225 0.09102851323828919
0 0.5204842931937173 0.1080346232179226 0.09379581151832457 0.07672097759674132
0 0.6136518324607328 0.1014867617107943 0.09816753926701571 0.09271894093686356