5 0.6084166666666666 0.9112037037037037 0.0870357142857143 0.09117592592592595
7 0.8263571428571428 0.3753611111111111 0.08991666666666663 0.05969444444444447
7 0.8354166666666667 0.31627777777777777 0.07107142857142862 0.054944444444444476
7 0.4261666666666667 0.36542592592592593 0.0688809523809524 0.060657407407407396
7 0.36183333333333334 0.3253148148148148 0.08194047619047624 0.054500000000000014
7 0.3669404761904762 0.36477777777777776 0.07338095238095237 0.06498148148148143
3 0.3479404761904762 0.23273148148148148 0.075702380952381 0.07040740740740743
3 0.42957142857142855 0.22700925925925927 0.0807619047619048 0.041564814814814825
3 0.43297619047619046 0.28057407407407403 0.060357142857142915 0.0481944444444444
3 0.49617857142857147 0.2472962962962963 0.07340476190476186 0.07507407407407408
0 0.41992857142857143 0.16749074074074072 0.09722619047619042 0.0827685185185185
0 0.4817261904761905 0.1732314814814815 0.08530952380952377 0.06975925925925923
0 0.5664642857142856 0.16727777777777778 0.08928571428571422 0.08430555555555556