5 0.6538372093023256 0.9266599597585513 0.09445736434108529 0.09906438631790747
7 0.8903617571059431 0.3444567404426559 0.09758397932816534 0.06485915492957749
7 0.9001937984496124 0.280261569416499 0.0771317829457365 0.059698189134808885
7 0.456046511627907 0.33366197183098595 0.0747545219638243 0.06590543259557344
7 0.38622739018087854 0.2900804828973843 0.08892764857881143 0.05921529175050303
7 0.3917700258397933 0.3329577464788732 0.07963824289405683 0.07060362173038225
3 0.37114987080103357 0.18948692152917504 0.08215762273901812 0.07649899396378272
3 0.45974160206718345 0.18326961770623745 0.08764857881136955 0.045160965794768596
3 0.4634366925064599 0.24146881287726357 0.0655038759689923 0.05236418511066394
3 0.5320284237726098 0.20531187122736416 0.07966408268733846 0.081569416498994
0 0.4492764857881137 0.11860160965794768 0.10551679586563302 0.08992957746478872
0 0.516343669250646 0.12483903420523139 0.09258397932816534 0.07579476861166999
0 0.6083074935400515 0.1183702213279678 0.09689922480620156 0.09159959758551309