0 0.3762857142857143 0.1904074074074074 0.08476190476190482 0.07571296296296294
0 0.4596190476190476 0.19748148148148148 0.07509523809523815 0.07417592592592594
4 0.8889880952380952 0.3702870370370371 0.08369047619047613 0.0724722222222222
3 0.4618809523809524 0.26492592592592595 0.05696428571428574 0.045111111111111137
3 0.37798809523809523 0.2666759259259259 0.08136904761904765 0.05363888888888884
3 0.31336904761904766 0.25565740740740744 0.0813809523809524 0.08449999999999999
3 0.38479761904761905 0.295787037037037 0.10228571428571424 0.06803703703703705
7 0.6523452380952381 0.39982407407407405 0.09101190476190482 0.09275925925925921
7 0.3845119047619048 0.40819444444444447 0.06544047619047623 0.04956481481481479
7 0.30797619047619046 0.3383148148148148 0.0808095238095238 0.06728703703703699
7 0.2861666666666667 0.39123148148148146 0.09546428571428575 0.07027777777777776
5 0.3938690476190476 0.9208981481481482 0.10909523809523808 0.09470370370370368