0 0.5996419437340154 0.1676341948310139 0.09104859335038369 0.08128230616302184
0 0.5101278772378517 0.1752286282306163 0.0806649616368287 0.07963220675944335
4 0.04891304347826087 0.3607455268389662 0.08989769820971862 0.07780318091451291
3 0.5076982097186701 0.24763419483101393 0.06118925831202049 0.04842942345924456
3 0.5978132992327366 0.24951292246520873 0.08740409207161129 0.05758449304174945
3 0.6672250639386189 0.23768389662027833 0.08741687979539658 0.09071570576540755
3 0.5904987212276215 0.28076540755467194 0.10987212276214829 0.07304174950298213
7 0.30310741687979537 0.39245526838966205 0.09776214833759597 0.09958250497017887
7 0.5908056265984655 0.40144135188866803 0.07029411764705885 0.05321073558648109
7 0.6730179028132992 0.3264214711729622 0.08680306905370858 0.07223658051689857
7 0.6964450127877237 0.38323061630218686 0.10254475703324815 0.0754473161033797
5 0.5812020460358056 0.9502982107355865 0.11636828644501279 0.09940357852882704