0 0.6096825396825397 0.1560082304526749 0.09417989417989424 0.08412551440329216
0 0.5170899470899472 0.16386831275720165 0.0834391534391535 0.08241769547325105
4 0.04365079365079365 0.35545267489711935 0.0873015873015873 0.08127572016460906
3 0.5145767195767196 0.23880658436213992 0.06329365079365082 0.050123456790123484
3 0.6077910052910053 0.24075102880658436 0.09041005291005294 0.059598765432098716
3 0.679589947089947 0.2285082304526749 0.09042328042328059 0.09388888888888888
3 0.6002248677248677 0.27309670781893003 0.1136507936507936 0.07559670781893006
7 0.3029497354497354 0.3886934156378601 0.10112433862433869 0.10306584362139913
7 0.600542328042328 0.39799382716049386 0.07271164021164024 0.05507201646090532
7 0.6855820105820105 0.32034979423868315 0.08978835978835993 0.07476337448559667
7 0.7098148148148148 0.3791460905349794 0.10607142857142865 0.0780864197530864
5 0.5906084656084656 0.9573045267489712 0.12037037037037036 0.08539094650205761