1 0.7161071428571428 0.85675 0.04671428571428572 0.04594444444444434
1 0.7455833333333333 0.9019444444444444 0.043976190476190544 0.06207407407407404
4 0.3553095238095238 0.72075 0.08364285714285713 0.057018518518518455
4 0.319047619047619 0.8098055555555556 0.07053571428571428 0.06115740740740737
3 0.20311904761904762 0.45161111111111113 0.10464285714285713 0.059305555555555514
3 0.29750000000000004 0.4558148148148148 0.052392857142857165 0.07074074074074077
3 0.37174999999999997 0.31032407407407403 0.09610714285714288 0.0562685185185185
7 0.29070238095238093 0.3469259259259259 0.07279761904761901 0.06100925925925925
7 0.2977738095238095 0.39849074074074076 0.08761904761904765 0.04742592592592595
0 0.454797619047619 0.18822222222222224 0.09494047619047619 0.08211111111111112
0 0.30402380952380953 0.3731574074074074 0.07676190476190478 0.06410185185185187