1 0.2931728395061729 0.8589326923076923 0.04844444444444446 0.047711538461538354
1 0.26260493827160497 0.9058653846153847 0.04560493827160501 0.06446153846153843
4 0.6673333333333333 0.717701923076923 0.08674074074074073 0.05921153846153839
4 0.7049382716049383 0.8101826923076924 0.07314814814814814 0.06350961538461534
3 0.8251604938271605 0.4382115384615385 0.10851851851851835 0.061586538461538415
3 0.7272839506172838 0.44257692307692303 0.054333333333333324 0.07346153846153855
3 0.650283950617284 0.29149038461538457 0.0996666666666667 0.05843269230769229
7 0.7343333333333333 0.3295 0.07549382716049394 0.06335576923076922
7 0.727 0.3830480769230769 0.09086419753086436 0.04925000000000002
0 0.5641604938271605 0.1646923076923077 0.09845679012345679 0.08526923076923078
0 0.7205185185185186 0.3567403846153846 0.07960493827160496 0.0665673076923077