1 0.7377518427518427 0.866434034416826 0.048206388206388215 0.0474378585086041
1 0.7681695331695331 0.9130975143403441 0.04538083538083545 0.06409177820267684
4 0.3654299754299754 0.7260133843212236 0.08631449631449631 0.05887189292543014
4 0.32800982800982803 0.8179636711281071 0.07278869778869779 0.06314531548757166
3 0.2083783783783784 0.4481261950286807 0.10798525798525796 0.06123326959847032
3 0.30577395577395583 0.4524665391969407 0.05406633906633906 0.07304015296367121
3 0.3823955773955774 0.3022466539196941 0.0991769041769042 0.05809751434034415
7 0.29875921375921377 0.340038240917782 0.0751228501228501 0.06299235181644358
7 0.30605651105651105 0.3932791586998088 0.09041769041769045 0.048967495219885304
0 0.46809582309582304 0.17617590822179732 0.09797297297297297 0.08478011472275335
0 0.3125061425061425 0.3671223709369025 0.07921375921375924 0.06618546845124285