7 0.32752077562326876 0.4130818965517241 0.08076177285318552 0.07356681034482757
7 0.2648614958448754 0.36792025862068967 0.0788504155124653 0.07626077586206895
7 0.2556371191135734 0.421551724137931 0.09789473684210519 0.07202586206896555
7 0.3522437673130194 0.37127155172413795 0.11439058171745156 0.07406250000000002
3 0.027008310249307478 0.27586206896551724 0.054016620498614956 0.07112068965517242
3 0.11120498614958448 0.27533405172413794 0.08598337950138502 0.06890086206896558
3 0.3426869806094183 0.2707112068965517 0.08207756232686979 0.06581896551724137
3 0.23650969529085872 0.3179094827586207 0.08073407202216061 0.06378232758620696
3 0.33015235457063713 0.32894396551724137 0.08339335180055407 0.0694288793103449
3 0.40533240997229913 0.265323275862069 0.09923822714681438 0.06735991379310344
3 0.41588642659279773 0.3209913793103448 0.10188365650969522 0.07609913793103448
3 0.4943628808864266 0.3238146551724138 0.08738227146814409 0.06738146551724135
3 0.5662465373961219 0.2589116379310345 0.0940027700831025 0.07710129310344829
3 0.5820775623268698 0.3225323275862069 0.09400277008310234 0.06686422413793099
0 0.41686980609418284 0.20786637931034482 0.11177285318559563 0.08991379310344827
0 0.1870360110803324 0.19707974137931034 0.08941828254847646 0.06707974137931035
0 0.2434349030470914 0.2086314655172414 0.09458448753462599 0.07913793103448276
0 0.33213296398891967 0.20119612068965517 0.0952631578947368 0.09093749999999999