7 0.3910357142857143 0.3577222222222222 0.0694166666666666 0.06321296296296294
7 0.33717857142857144 0.3189166666666667 0.0677738095238095 0.06552777777777775
7 0.32925 0.365 0.08414285714285712 0.06188888888888892
7 0.41228571428571426 0.3217962962962963 0.09832142857142862 0.06363888888888891
3 0.11355952380952383 0.24000925925925923 0.08652380952380954 0.06114814814814814
3 0.20510714285714285 0.2393611111111111 0.07390476190476189 0.05920370370370373
3 0.4040714285714286 0.2353888888888889 0.07054761904761904 0.05655555555555554
3 0.3128095238095238 0.27594444444444444 0.06939285714285713 0.05480555555555561
3 0.39329761904761906 0.2854259259259259 0.07167857142857147 0.059657407407407465
3 0.45791666666666664 0.23075925925925928 0.08529761904761902 0.05787962962962965
3 0.4669880952380952 0.2785925925925926 0.08757142857142851 0.0653888888888889
3 0.5344404761904762 0.2810185185185185 0.0751071428571429 0.05789814814814812
3 0.5962261904761904 0.22525 0.08079761904761905 0.06625000000000002
3 0.6098333333333333 0.27991666666666665 0.08079761904761898 0.05745370370370366
0 0.4678333333333334 0.1813888888888889 0.09607142857142863 0.07725925925925926
0 0.2702857142857143 0.17212037037037037 0.07685714285714286 0.05763888888888889
0 0.31876190476190475 0.18204629629629632 0.08129761904761904 0.06799999999999999
0 0.395 0.1756574074074074 0.08188095238095235 0.07813888888888888
5 0.45338095238095233 0.9164907407407407 0.12157142857142858 0.08059259259259256