7 0.5644459833795014 0.26868534482758616 0.08076177285318552 0.07356681034482757
7 0.6271052631578947 0.22352370689655174 0.0788504155124653 0.07626077586206895
7 0.6363296398891967 0.2771551724137931 0.09789473684210519 0.07202586206896555
7 0.5397229916897507 0.22687500000000002 0.11439058171745156 0.07406250000000002
3 0.8872714681440443 0.13169181034482758 0.10066481994459843 0.07116379310344824
3 0.7807617728531856 0.13093749999999998 0.08598337950138495 0.06890086206896558
3 0.5492797783933517 0.1263146551724138 0.08207756232686979 0.06581896551724137
3 0.6554570637119114 0.17351293103448273 0.08073407202216061 0.06378232758620696
3 0.5618144044321329 0.18454741379310344 0.08339335180055407 0.0694288793103449
3 0.4866343490304709 0.12092672413793107 0.09923822714681438 0.06735991379310344
3 0.47608033240997233 0.1765948275862069 0.10188365650969522 0.07609913793103448
3 0.39760387811634346 0.17941810344827586 0.08738227146814409 0.06738146551724135
3 0.3257202216066482 0.11451508620689656 0.0940027700831025 0.07710129310344829
3 0.3098891966759003 0.17813577586206897 0.09400277008310234 0.06686422413793099
0 0.4750969529085872 0.06346982758620691 0.11177285318559563 0.08991379310344827
0 0.7049307479224377 0.0526831896551724 0.08941828254847638 0.06707974137931035
0 0.6485318559556786 0.06423491379310346 0.09458448753462599 0.07913793103448276
0 0.5598337950138504 0.05679956896551725 0.0952631578947368 0.09093749999999999
5 0.4919113573407203 0.9189762931034482 0.1414404432132964 0.09379310344827582