0 0.4377857142857143 0.17212037037037037 0.07511904761904764 0.07350925925925925
0 0.5041190476190476 0.16617592592592592 0.07114285714285713 0.07857407407407409
0 0.5795 0.17896296296296296 0.06321428571428567 0.0635925925925926
5 0.33973809523809523 0.9191388888888888 0.12098809523809523 0.09646296296296303
1 0.4621666666666667 0.4835833333333333 0.06659523809523817 0.057527777777777823
1 0.46726190476190477 0.41017592592592594 0.05923809523809523 0.05226851851851856
1 0.5313214285714286 0.4247314814814815 0.06434523809523804 0.06147222222222221
1 0.524797619047619 0.5047407407407407 0.03996428571428577 0.04695370370370374
1 0.47604761904761905 0.320462962962963 0.05299999999999998 0.05538888888888893
1 0.42333333333333334 0.296 0.03601190476190476 0.05142592592592589
1 0.5491785714285714 0.257212962962963 0.059249999999999976 0.04730555555555559
3 0.24875 0.238462962962963 0.06098809523809526 0.06599074074074072
3 0.30797619047619046 0.23185185185185186 0.06721428571428573 0.06335185185185187
3 0.4440357142857143 0.2763888888888889 0.09607142857142863 0.05569444444444442
3 0.5888571428571429 0.23473148148148149 0.06152380952380953 0.05524074074074071
3 0.652904761904762 0.2768240740740741 0.0694642857142856 0.06362962962962966
3 0.7280119047619047 0.23825925925925925 0.07911904761904766 0.06405555555555553
3 0.7220595238095238 0.2852037037037037 0.0740238095238096 0.06803703703703705
7 0.19205952380952382 0.38658333333333333 0.07686904761904761 0.06594444444444447
7 0.25470238095238096 0.32575925925925925 0.09376190476190475 0.07687037037037035
7 0.3009047619047619 0.3985 0.059190476190476224 0.05308333333333337
7 0.3706190476190476 0.34140740740740744 0.06260714285714289 0.0587962962962963
7 0.33632142857142855 0.2878425925925926 0.04905952380952385 0.058925925925925916
7 0.6132261904761905 0.11327777777777778 0.08759523809523807 0.057398148148148156
7 0.5335833333333333 0.1333240740740741 0.05809523809523804 0.06294444444444446
7 0.5712857142857143 0.17984259259259258 0.05584523809523806 0.04596296296296295
7 0.49277380952380956 0.18952777777777777 0.07623809523809519 0.06336111111111112
7 0.5075119047619048 0.23494444444444446 0.07114285714285713 0.06273148148148149
7 0.4139761904761905 0.24353703703703702 0.05471428571428576 0.052324074074074065