0 0.5963947368421052 0.08697745901639344 0.08302631578947371 0.08134221311475408
0 0.5230789473684211 0.08039959016393443 0.07863157894736841 0.08694672131147542
0 0.43976315789473686 0.09454918032786885 0.06986842105263145 0.0703688524590164
5 0.7047631578947369 0.9135963114754098 0.13372368421052616 0.1067418032786886
1 0.5694473684210526 0.4316290983606557 0.07360526315789481 0.06365778688524601
1 0.5638157894736842 0.35039959016393446 0.06547368421052631 0.057838114754098405
1 0.4930131578947368 0.3665061475409836 0.07111842105263153 0.06802254098360655
1 0.5002236842105263 0.45504098360655737 0.044171052631579014 0.05195696721311479
1 0.5541052631578948 0.2511270491803279 0.05857894736842103 0.06129098360655743
1 0.6123684210526316 0.22405737704918033 0.03980263157894737 0.056905737704918
1 0.47327631578947366 0.18113729508196724 0.06548684210526313 0.05234631147540987
3 0.805328947368421 0.1603893442622951 0.06740789473684212 0.07302254098360654
3 0.7398684210526315 0.1530737704918033 0.07428947368421057 0.07010245901639346
3 0.5894868421052631 0.2023565573770492 0.10618421052631585 0.061629098360655714
3 0.429421052631579 0.15626024590163934 0.06800000000000009 0.06112704918032784
3 0.35863157894736836 0.20283811475409838 0.07677631578947357 0.0704098360655738
3 0.2756184210526316 0.1601639344262295 0.08744736842105268 0.07088114754098356
3 0.28219736842105264 0.2121106557377049 0.0818157894736843 0.07528688524590166
7 0.8679868421052631 0.32429303278688526 0.08496052631578939 0.07297131147540986
7 0.79875 0.2569877049180328 0.10363157894736841 0.08506147540983605
7 0.7476842105263158 0.3374795081967213 0.06542105263157898 0.0587397540983607
7 0.6706315789473685 0.2743032786885246 0.06919736842105267 0.06506147540983606
7 0.7085394736842106 0.21503073770491804 0.05422368421052636 0.06520491803278687
7 0.40328947368421053 0.02663934426229508 0.09605263157894736 0.05327868852459016
7 0.4905131578947369 0.04404713114754099 0.06421052631578941 0.06965163934426231
7 0.4488421052631579 0.09552254098360655 0.06172368421052627 0.0508606557377049
7 0.5356184210526316 0.10623975409836066 0.08426315789473679 0.0701127049180328
7 0.5193289473684211 0.15649590163934426 0.07863157894736841 0.06941598360655737
7 0.6227105263157895 0.16600409836065572 0.06047368421052637 0.057899590163934415