0 0.5565984654731457 0.1132107355864811 0.08069053708439901 0.07891650099403577
0 0.4853452685421995 0.10682902584493041 0.07641943734015344 0.08435387673956264
0 0.4043734015345269 0.12055666003976143 0.06790281329923262 0.06827037773359841
5 0.6619181585677749 0.9151789264413519 0.12996163682864434 0.10355864811133207
1 0.5304092071611253 0.44758449304174946 0.07153452685422002 0.06175944333996035
1 0.5249360613810742 0.36877733598409546 0.0636317135549872 0.05611332007952291
1 0.4561253196930946 0.384403578528827 0.06911764705882348 0.06599403578528826
1 0.46313299232736577 0.4702982107355865 0.04292838874680313 0.050407554671968224
1 0.5154987212276215 0.27246520874751495 0.05693094629156008 0.05946322067594438
1 0.5721227621483376 0.24620278330019882 0.03868286445012788 0.0552087475149105
1 0.43694373401534525 0.2045626242544732 0.06364450127877236 0.05078528827037777
3 0.7596547314578005 0.1844333996023857 0.06551150895140667 0.07084493041749501
3 0.6960358056265984 0.17733598409542745 0.07219948849104864 0.06801192842942347
3 0.5498849104859335 0.22514910536779323 0.10319693094629162 0.059791252485089444
3 0.3943222506393862 0.18042743538767395 0.06608695652173921 0.05930417495029818
3 0.3255242966751917 0.22561630218687875 0.0746163682864449 0.06831013916500997
3 0.24484654731457803 0.18421471172962225 0.08498721227621488 0.0687673956262425
3 0.2512404092071612 0.23461232604373755 0.07951406649616377 0.07304174950298213
7 0.8205498721227621 0.3434493041749503 0.08257033248081834 0.07079522862823065
7 0.7532608695652173 0.2781510934393638 0.1007161125319693 0.08252485089463218
7 0.7036317135549872 0.3562425447316103 0.06358056265984659 0.05698807157057658
7 0.6287468030690537 0.2949502982107356 0.0672506393861893 0.06312127236580517
7 0.6655882352941177 0.23744532803180915 0.052698209718670126 0.0632604373757455
7 0.3681457800511509 0.050039761431411534 0.0940920716112531 0.06162027833001989
7 0.45369565217391306 0.07156063618290259 0.0624040920716112 0.06757455268389664
7 0.41319693094629156 0.12150099403578528 0.05998721227621479 0.04934393638170973
7 0.4975319693094629 0.13189860834990058 0.08189258312020456 0.06802186878727635
7 0.4817007672634271 0.18065606361829026 0.07641943734015344 0.06734592445328032
7 0.5821739130434782 0.1898807157057654 0.05877237851662409 0.05617296222664015