0 0.44706460674157306 0.5810043668122271 0.10266853932584273 0.08704148471615722
0 0.41061797752808993 0.6756004366812227 0.13009831460674157 0.089093886462882
0 0.33606741573033705 0.7416266375545852 0.14339887640449442 0.09077510917030578
0 0.2655056179775281 0.8055458515283843 0.1047191011235955 0.09944323144104794
0 0.1809269662921348 0.8624781659388646 0.12464887640449439 0.08925764192139737
3 0.6834831460674157 0.6847161572052403 0.11070224719101114 0.0829585152838428
3 0.9225561797752809 0.8668886462882096 0.09403089887640456 0.0835371179039301
3 0.7359691011235955 0.2101528384279476 0.11063202247191009 0.06585152838427953
3 0.728623595505618 0.2525218340611354 0.08865168539325827 0.07086244541484713
3 0.8125421348314606 0.26473799126637554 0.08532303370786516 0.05578602620087339
3 0.8081882022471909 0.2070305676855895 0.09456460674157294 0.08457423580786029
7 0.801502808988764 0.31489082969432314 0.06324438202247187 0.06463973799126642
5 0.8132022471910112 0.9879912663755459 0.11797752808988764 0.024017467248908297