0 0.4241041162227603 0.5472693032015067 0.088498789346247 0.075075329566855
0 0.3926876513317191 0.6288606403013183 0.11214285714285714 0.07684557438794717
0 0.32842615012106535 0.6858097928436911 0.1236077481840194 0.07829566854990593
0 0.26760290556900723 0.7409416195856874 0.09026634382566587 0.08577212806026357
0 0.19469733656174334 0.7900470809792843 0.1074455205811138 0.07698681732580037
3 0.6278934624697337 0.6367231638418079 0.09542372881355925 0.0715536723163842
3 0.8339709443099274 0.7938512241054615 0.08105326876513323 0.07205273069679848
3 0.673135593220339 0.2274011299435028 0.09536319612590796 0.05679849340866295
3 0.6668038740920097 0.2639453860640301 0.07641646489104104 0.06112052730696795
3 0.739140435835351 0.2744821092278719 0.07354721549636804 0.04811676082862526
3 0.7353874092009685 0.2247080979284369 0.0815133171912832 0.07294726930320153
7 0.7296246973365617 0.3177401129943503 0.054515738498789316 0.05575329566854994
5 0.7405811138014529 0.9279001883239171 0.10179176755447933 0.0783804143126177