0 0.4182261904761905 0.5492592592592593 0.08702380952380954 0.0738240740740741
0 0.38733333333333336 0.6294907407407407 0.11027380952380952 0.07556481481481472
0 0.3241428571428571 0.6854907407407408 0.12154761904761907 0.07699074074074083
0 0.2643333333333333 0.7397037037037038 0.08876190476190476 0.08434259259259251
0 0.19264285714285714 0.7879907407407407 0.1056547619047619 0.07570370370370369
3 0.6186190476190476 0.6372222222222222 0.09383333333333325 0.07036111111111112
3 0.8212619047619047 0.7917314814814815 0.07970238095238101 0.07085185185185183
3 0.6631071428571429 0.23472222222222222 0.0937738095238095 0.055851851851851875
3 0.6568809523809523 0.2706574074074074 0.07514285714285701 0.06010185185185182
3 0.7280119047619047 0.2810185185185185 0.07232142857142858 0.04731481481481484
3 0.7243214285714286 0.23207407407407407 0.08015476190476181 0.07173148148148151
7 0.7186547619047619 0.32355555555555554 0.053607142857142825 0.05482407407407411
5 0.7294285714285714 0.9235462962962963 0.10009523809523801 0.07707407407407409