0 0.39184986595174254 0.08711899791231734 0.08518766756032166 0.09778705636743215
0 0.3219571045576407 0.09209812108559498 0.06991957104557651 0.07118997912317326
0 0.23993297587131368 0.09110647181628392 0.09355227882037528 0.08510438413361172
1 0.5514075067024129 0.927526096033403 0.050093833780160864 0.06451983298538616
1 0.6091689008042895 0.9317432150313153 0.052680965147453025 0.05425887265135701
7 0.6729892761394102 0.7066179540709813 0.07495978552278815 0.06196242171189969
7 0.7026809651474532 0.6390187891440501 0.06865951742627349 0.05336116910229634
7 0.6707640750670241 0.6208872651356994 0.06666219839142093 0.0574530271398747
7 0.5880965147453083 0.5336638830897703 0.08902144772117958 0.05792275574112736
7 0.48438337801608583 0.5711899791231734 0.06924932975871309 0.06141962421711891
7 0.462372654155496 0.433267223382046 0.06286863270777476 0.059394572025052286
7 0.3950268096514745 0.4822338204592902 0.0820375335120644 0.06635699373695192
7 0.389289544235925 0.2645407098121086 0.06731903485254695 0.05895615866388311
7 0.26674262734584453 0.29660751565762 0.07823056300268083 0.08269311064718166
7 0.3213270777479893 0.2516179540709812 0.06155495978552289 0.06890396659707723
3 0.6177882037533512 0.1556993736951983 0.08524128686327082 0.08583507306889354
3 0.5609785522788204 0.15 0.09221179624664874 0.07171189979123178
3 0.38738605898123324 0.2076409185803758 0.07880697050938333 0.05550104384133608
3 0.3139678284182306 0.16689979123173276 0.08077747989276138 0.07966597077244252
3 0.23100536193029497 0.16441544885177453 0.06036193029490613 0.06674321503131529
3 0.1745174262734585 0.20466597077244258 0.0737801608579088 0.05980167014613775
3 0.07718498659517432 0.21361169102296448 0.06678284182305622 0.05781837160751564
3 0.09186327077747986 0.15620041753653444 0.09533512064343148 0.08086638830897706