0 0.5758095238095239 0.1707962962962963 0.07565476190476192 0.08674074074074074
0 0.6378809523809524 0.17521296296296296 0.06209523809523813 0.06314814814814813
0 0.7107261904761905 0.17433333333333334 0.08308333333333329 0.07549074074074077
1 0.4341071428571428 0.9162685185185185 0.04448809523809524 0.05723148148148143
1 0.3828095238095238 0.9200092592592592 0.04678571428571423 0.04812962962962965
7 0.32613095238095235 0.7203148148148149 0.06657142857142856 0.05496296296296287
7 0.2997619047619048 0.6603518518518519 0.06097619047619051 0.047333333333333234
7 0.3281071428571429 0.6442685185185185 0.05920238095238097 0.05096296296296293
7 0.4015238095238095 0.5668981481481481 0.07905952380952377 0.051379629629629636
7 0.49363095238095234 0.6001851851851853 0.061499999999999964 0.05448148148148141
7 0.5131785714285714 0.47784259259259265 0.055833333333333304 0.05268518518518522
7 0.5729880952380952 0.5212777777777778 0.07285714285714291 0.05886111111111105
7 0.5780833333333333 0.3281759259259259 0.05978571428571432 0.05229629629629631
7 0.6869166666666666 0.35662037037037037 0.06947619047619036 0.07335185185185188
7 0.6384404761904762 0.316712962962963 0.05466666666666675 0.06112037037037036
3 0.3751547619047619 0.2316296296296296 0.075702380952381 0.07613888888888888
3 0.42560714285714285 0.22657407407407407 0.0818928571428571 0.06361111111111113
3 0.5797738095238095 0.27770370370370373 0.0699880952380952 0.049231481481481446
3 0.6449761904761905 0.24156481481481482 0.07173809523809523 0.07066666666666663
3 0.7186547619047619 0.2393611111111111 0.053607142857142825 0.05920370370370373
3 0.7688214285714285 0.2750648148148148 0.06552380952380948 0.053046296296296265
3 0.8552619047619047 0.283 0.059309523809523736 0.05128703703703703
3 0.8422261904761905 0.23207407407407407 0.08466666666666654 0.07173148148148151