0 0.5782309582309583 0.1562715105162524 0.07807125307125301 0.08956022944550669
0 0.6422850122850123 0.16083173996175906 0.06407862407862418 0.06520076481835563
0 0.7174570024570024 0.15992351816443595 0.0857371007371007 0.07794455066921609
1 0.432002457002457 0.9259751434034418 0.04590909090909091 0.05909177820267681
1 0.3790663390663391 0.9298374760994264 0.04828009828009822 0.0496940726577438
7 0.32057739557739556 0.7236520076481836 0.06869778869778864 0.05674952198852763
7 0.2933660933660934 0.6617399617590821 0.06292383292383295 0.04887189292543011
7 0.32261670761670763 0.645133843212237 0.06109336609336612 0.052619502868068796
7 0.39837837837837836 0.5652485659655831 0.08158476658476654 0.053049713193116646
7 0.4934275184275184 0.5996175908221798 0.06346437346437342 0.056252390057361296
7 0.5135995085995085 0.4732982791586999 0.05761670761670759 0.054397705544933166
7 0.5753194103194104 0.5181453154875717 0.07518427518427524 0.060774378585085984
7 0.5805773955773955 0.31876673040152964 0.06169533169533173 0.05399617590822182
7 0.6928869778869778 0.3481357552581262 0.07169533169533157 0.07573613766730404
7 0.6428624078624078 0.3069311663479924 0.056412776412776505 0.06310707456978967
3 0.37116707616707617 0.21908221797323132 0.07812039312039316 0.07861376673040155
3 0.42323095823095824 0.2138623326959847 0.08450859950859946 0.06567877629063101
3 0.5823218673218673 0.26665391969407265 0.07222358722358718 0.05083173996175904
3 0.6496068796068796 0.22934034416826002 0.07402948402948402 0.07296367112810702
3 0.7256388206388206 0.22706500956022943 0.05531941031941029 0.061128107074569844
3 0.7774078624078623 0.26392925430210323 0.06761670761670757 0.0547705544933078
3 0.8666093366093366 0.27212237093690245 0.061203931203931125 0.052954110898661554
3 0.8531572481572481 0.21954110898661566 0.08737100737100724 0.07406309751434037