7 0.3904642857142857 0.3685277777777778 0.07054761904761904 0.06541666666666665
7 0.728297619047619 0.3720462962962963 0.054750000000000014 0.06365740740740741
7 0.39215476190476195 0.32089814814814815 0.06889285714285714 0.06155555555555557
7 0.45734523809523814 0.3231203703703704 0.05242857142857139 0.05570370370370367
7 0.4715238095238095 0.3716111111111111 0.07170238095238098 0.05925000000000001
7 0.5962261904761905 0.3275277777777778 0.05358333333333339 0.052185185185185196
7 0.52225 0.3173796296296296 0.0739642857142857 0.0650833333333333
7 0.6597023809523809 0.3187037037037037 0.05586904761904769 0.053944444444444434
7 0.7385 0.31672222222222224 0.054750000000000014 0.044685185185185175
7 0.6534642857142857 0.3592592592592593 0.06770238095238082 0.06419444444444448
3 0.3218690476190476 0.2375833333333333 0.06436904761904765 0.05364814814814812
3 0.3964166666666667 0.23075925925925928 0.06884523809523814 0.05787962962962965
3 0.5191309523809524 0.2768240740740741 0.07171428571428573 0.058333333333333334
3 0.6557380952380953 0.2312037037037037 0.06379761904761895 0.05700000000000003
3 0.5999047619047619 0.23978703703703705 0.10002380952380957 0.06863888888888889
3 0.7285833333333334 0.27814814814814814 0.06438095238095229 0.0503981481481481
3 0.8090714285714286 0.27814814814814814 0.07347619047619051 0.05569444444444442
3 0.7929047619047619 0.23824074074074075 0.0812738095238095 0.057620370370370384
0 0.5171428571428571 0.1791759259259259 0.07057142857142853 0.06116666666666667
0 0.5945238095238095 0.17455555555555557 0.07739285714285714 0.06183333333333336
0 0.6659404761904761 0.17984259259259258 0.08421428571428573 0.06712037037037037