7 0.6155904522613065 0.375009765625 0.07444723618090451 0.06899414062499998
7 0.25908291457286436 0.378720703125 0.05777638190954775 0.067138671875
7 0.6138065326633165 0.324775390625 0.07270100502512564 0.06492187500000002
7 0.5450125628140703 0.327119140625 0.0553266331658291 0.05874999999999997
7 0.5300502512562815 0.37826171875 0.07566582914572867 0.06249023437500001
7 0.3984547738693467 0.331767578125 0.056545226130653256 0.05503906250000001
7 0.4765201005025126 0.321064453125 0.07805276381909547 0.06864257812499996
7 0.3314698492462312 0.3224609375 0.05895728643216088 0.05689453124999999
7 0.24831658291457281 0.32037109375 0.05777638190954775 0.04712890624999999
7 0.3380527638190955 0.365234375 0.07144472361809032 0.06770507812500004
3 0.6879773869346734 0.23690429687499998 0.06792713567839188 0.05658203124999994
3 0.6093090452261306 0.22970703125000003 0.07265075376884413 0.06104492187499999
3 0.47981155778894474 0.278291015625 0.075678391959799 0.0615234375
3 0.3356532663316582 0.23017578125 0.06732412060301497 0.06011718750000006
3 0.39457286432160793 0.23922851562500003 0.10555276381909545 0.072392578125
3 0.2587814070351759 0.2796875 0.06793969849246222 0.05315429687499995
3 0.17384422110552764 0.2796875 0.0775376884422111 0.05874023437499998
3 0.19090452261306537 0.23759765625 0.08576633165829144 0.06077148437500002
0 0.4819095477386935 0.175302734375 0.07447236180904519 0.06451171875
0 0.40025125628140706 0.1704296875 0.08167085427135677 0.06521484375000003
0 0.3248869346733669 0.176005859375 0.08886934673366835 0.07079101562500001