7 0.6246946564885496 0.350800395256917 0.07539440203562339 0.06981225296442685
7 0.2636513994910942 0.35455533596837946 0.0585114503816794 0.06793478260869565
7 0.6228880407124682 0.29997035573122527 0.07362595419847329 0.0656916996047431
7 0.5532188295165394 0.3023418972332016 0.056030534351144995 0.0594466403162055
7 0.5380661577608142 0.35409090909090907 0.07662849872773539 0.06323122529644269
7 0.404796437659033 0.30704545454545457 0.057264631043256985 0.05569169960474309
7 0.48385496183206106 0.29621541501976284 0.07904580152671756 0.0694565217391304
7 0.33695928753180665 0.2976284584980237 0.059707379134860135 0.0575691699604743
7 0.2527480916030534 0.29551383399209485 0.0585114503816794 0.047687747035573116
7 0.3436259541984733 0.3409090909090909 0.07235368956742988 0.06850790513833996
3 0.698002544529262 0.2110573122529644 0.06879134860050883 0.05725296442687741
3 0.6183333333333333 0.20377470355731228 0.07357506361323146 0.0617687747035573
3 0.4871882951653944 0.2529347826086957 0.07664122137404582 0.06225296442687747
3 0.3411959287531806 0.2042490118577075 0.06818066157760803 0.060830039525691756
3 0.40086513994910933 0.21340909090909094 0.10689567430025443 0.07325098814229249
3 0.2633460559796438 0.2543478260869565 0.06880407124681924 0.0537845849802371
3 0.17732824427480914 0.2543478260869565 0.07852417302798986 0.05943675889328061
3 0.19460559796437663 0.2117588932806324 0.08685750636132313 0.061492094861660095
0 0.48931297709923666 0.14872529644268773 0.07541984732824424 0.06527667984189724
0 0.40661577608142496 0.14379446640316207 0.08270992366412212 0.06598814229249014
0 0.33029262086513994 0.14943675889328062 0.09000000000000001 0.0716304347826087