3 0.43665476190476193 0.45601851851851855 0.06604761904761906 0.0698888888888889
3 0.5179880952380953 0.5532222222222223 0.06886904761904765 0.07647222222222215
3 0.6390119047619047 0.63875 0.07621428571428569 0.08349074074074081
3 0.7940357142857143 0.711925925925926 0.07673809523809529 0.07641666666666665
7 0.4165357142857143 0.3835 0.06321428571428574 0.0650648148148148
7 0.36778571428571427 0.5150925925925925 0.060964285714285756 0.06634259259259268
7 0.27198809523809525 0.6003981481481481 0.07345238095238094 0.0649907407407408
7 0.1379285714285714 0.6663055555555556 0.06724999999999999 0.04600925925925931
7 0.1180952380952381 0.6903333333333332 0.0547857142857143 0.04909259259259258
7 0.023214285714285715 0.7162037037037037 0.04642857142857143 0.09166666666666666
5 0.7288690476190476 0.9257407407407408 0.0808214285714287 0.07546296296296297