3 0.42759950248756223 0.45019342359767894 0.06900497512437813 0.07299806576402323
3 0.5125746268656717 0.5517214700193424 0.07195273631840798 0.07987427466150862
3 0.6390174129353233 0.6410541586073502 0.07962686567164177 0.08720502901353973
3 0.8009825870646766 0.7174854932301741 0.08017412935323387 0.079816247582205
7 0.4065796019900497 0.3744487427466151 0.06604477611940301 0.06795938104448741
7 0.35564676616915425 0.5118955512572534 0.06369402985074632 0.06929400386847204
7 0.2555597014925373 0.6009961315280463 0.0767412935323383 0.06788201160541592
7 0.11549751243781092 0.6698355899419729 0.07026119402985076 0.04805609284332694
7 0.09477611940298508 0.6949323017408123 0.05723880597014926 0.05127659574468083
7 0.009950248756218905 0.721953578336557 0.01990049751243781 0.09574468085106383
5 0.7328980099502488 0.9408123791102514 0.0844402985074628 0.0788201160541586