3 0.7840771349862259 0.20788008565310495 0.083030303030303 0.08191648822269806
3 0.6325757575757576 0.23642398286937902 0.07906336088154267 0.059475374732333997
3 0.30531680440771347 0.18875802997858673 0.08030303030303024 0.07120985010706637
3 0.3135123966942149 0.23745182012847962 0.07381542699724507 0.06082441113490358
3 0.40499999999999997 0.23668094218415417 0.06983471074380171 0.06915417558886514
3 0.46534435261707985 0.19768736616702354 0.06721763085399443 0.06764453961456098
3 0.5538842975206612 0.1941113490364026 0.07904958677685948 0.06662740899357604
7 0.6243801652892562 0.045781584582441116 0.06004132231404963 0.07584582441113491
7 0.5253443526170799 0.07024625267665954 0.06920110192837467 0.06972162740899358
7 0.5479752066115702 0.14518201284796572 0.0515013774104683 0.060524625267665985
7 0.43483471074380164 0.15589935760171308 0.07247933884297521 0.06488222698072807
7 0.40106060606060606 0.2614132762312634 0.06396694214876025 0.05573875802997865
7 0.2695592286501378 0.27110278372591007 0.064641873278237 0.05472162740899359
7 0.3708953168044077 0.19946466809421842 0.07506887052341597 0.08038543897216278
7 0.31679063360881543 0.3358244111349037 0.06915977961432512 0.06249464668094219
7 0.22628099173553715 0.3921627408993576 0.08039944903581252 0.07260171306209844
7 0.1075757575757576 0.3832441113490364 0.07910468319559237 0.06903640256959316
7 0.20366391184573004 0.31263383297644537 0.07896694214876022 0.07422912205567456
7 0.706694214876033 0.3473019271948608 0.05677685950413227 0.05791220556745186
7 0.7837465564738292 0.2942826552462527 0.0718732782369147 0.0803533190578158
7 0.7227548209366391 0.28919700214132765 0.0815977961432507 0.08276231263383292
7 0.6250275482093663 0.28817987152034263 0.09079889807162529 0.07256959314775158
7 0.5446831955922865 0.28843683083511773 0.09147382920110188 0.08735546038543901
7 0.4702479338842975 0.28919700214132765 0.08034435261707995 0.07053533190578158
7 0.38106060606060604 0.28817987152034263 0.06724517906336079 0.08480728051391867
7 0.3817079889807163 0.35113490364025696 0.07643250688705236 0.07820128479657383
7 0.48041322314049584 0.33915417558886507 0.07312672176308545 0.0685117773019272
0 0.6234022038567493 0.12707708779443255 0.07381542699724522 0.09467880085653106
0 0.5548484848484848 0.12761241970021414 0.0763911845730028 0.10004282655246252
0 0.4617217630853994 0.11970021413276233 0.10264462809917353 0.08831905781584583
1 0.551900826446281 0.413576017130621 0.07442148760330575 0.06649892933618845
1 0.6827548209366391 0.3804282655246253 0.06922865013774103 0.06299785867237691
1 0.5850275482093664 0.3569914346895075 0.05801652892561984 0.06341541755888654
1 0.4384435261707989 0.3972698072805139 0.06789256198347103 0.0807601713062098
1 0.5260055096418733 0.2738972162740899 0.06001377410468327 0.07017130620985007
1 0.5804407713498623 0.20839400428265523 0.05347107438016536 0.05234475374732333
5 0.9807162534435262 0.9689507494646681 0.03856749311294766 0.06209850107066381