3 0.23542857142857143 0.2501481481481482 0.07176190476190474 0.07084259259259258
3 0.3663690476190476 0.2748333333333333 0.0683333333333333 0.051435185185185146
3 0.6492142857142857 0.23361111111111113 0.06940476190476184 0.06158333333333332
3 0.6421309523809524 0.2757222222222222 0.06379761904761895 0.0526018518518518
3 0.5630595238095238 0.27505555555555555 0.060357142857142915 0.059805555555555584
3 0.510904761904762 0.24133333333333332 0.05809523809523804 0.05849999999999998
3 0.43438095238095237 0.23824074074074075 0.06832142857142856 0.057620370370370384
7 0.3734523809523809 0.10996296296296297 0.05189285714285718 0.06559259259259259
7 0.4590476190476191 0.1311203703703704 0.05980952380952382 0.0602962962962963
7 0.43948809523809523 0.19592592592592592 0.044511904761904746 0.05234259259259262
7 0.5372738095238095 0.20519444444444446 0.06264285714285715 0.05611111111111113
7 0.5664642857142856 0.29644444444444445 0.055285714285714216 0.048203703703703756
7 0.6801190476190475 0.3048240740740741 0.05586904761904769 0.04732407407407409
7 0.5925357142857143 0.24287037037037038 0.06488095238095239 0.06951851851851854
7 0.6392976190476191 0.36079629629629634 0.05977380952380957 0.0540462962962963
7 0.7175238095238096 0.4095185185185185 0.06948809523809511 0.06278703703703699
7 0.8201190476190476 0.4018055555555555 0.06836904761904769 0.05970370370370372
7 0.7370714285714286 0.34074074074074073 0.06824999999999991 0.06419444444444448
7 0.3023095238095238 0.37072222222222223 0.049071428571428606 0.05008333333333336
7 0.2357142857142857 0.32487037037037036 0.06211904761904763 0.0694907407407407
7 0.2884285714285714 0.3204722222222222 0.0705238095238095 0.07157407407407403
7 0.37289285714285714 0.3195925925925926 0.07847619047619042 0.06275925925925924
7 0.44233333333333336 0.3198148148148148 0.07905952380952377 0.07554629629629632
7 0.5066666666666667 0.3204722222222222 0.06944047619047623 0.061
7 0.58375 0.3195925925925926 0.05811904761904761 0.07334259259259263
7 0.5831904761904761 0.374037037037037 0.06605952380952382 0.0676296296296296
7 0.4978809523809524 0.3636759259259259 0.063202380952381 0.05925000000000001
0 0.3742976190476191 0.18026851851851852 0.06379761904761909 0.08187962962962964
0 0.43354761904761907 0.1807314814814815 0.06602380952380957 0.08651851851851852
0 0.5140357142857143 0.1738888888888889 0.08871428571428569 0.07637962962962964
1 0.4360952380952381 0.428037037037037 0.06432142857142854 0.057509259259259274
1 0.323 0.3993703703703704 0.05983333333333332 0.05448148148148151
1 0.40746428571428567 0.37910185185185186 0.05014285714285715 0.05484259259259261
1 0.5341547619047619 0.4139351851851852 0.058678571428571386 0.06984259259259254
1 0.4584761904761905 0.30724074074074076 0.051869047619047676 0.060685185185185155
1 0.4114285714285715 0.2505925925925926 0.04621428571428578 0.04526851851851851
5 0.04107142857142857 0.9162037037037037 0.08214285714285714 0.06944444444444445