3 0.7678450363196127 0.24685499058380417 0.07297820823244548 0.0720433145009416
3 0.6346852300242131 0.27195856873822977 0.06949152542372893 0.05230696798493405
3 0.347046004842615 0.2300376647834275 0.07058111380145272 0.0626271186440678
3 0.3542493946731235 0.2728625235404896 0.06487893462469724 0.05349340866290014
3 0.4346610169491525 0.2721845574387947 0.06138014527845042 0.06081920903954805
3 0.48769975786924935 0.23789077212806026 0.0590799031476997 0.059491525423728764
3 0.5655205811138014 0.23474576271186443 0.06947941888619853 0.058596986817325815
7 0.6274818401937046 0.10429378531073447 0.05277239709443117 0.06670433145009416
7 0.5404358353510895 0.12580979284369115 0.06082324455205812 0.06131826741996234
7 0.5603268765133171 0.19171374764595103 0.04526634382566584 0.053229755178907746
7 0.4608837772397094 0.20113935969868174 0.0637046004842615 0.05706214689265539
7 0.4311985472154964 0.2939359698681733 0.05622276029055683 0.04902071563088518
7 0.31561743341404364 0.30245762711864405 0.056815980629540026 0.048126177024482124
7 0.404685230024213 0.23945386064030133 0.06598062953995157 0.07069679849340871
7 0.3571307506053269 0.35937853107344636 0.06078692493946736 0.05496233521657251
7 0.2775786924939467 0.40892655367231634 0.07066585956416452 0.06385122410546135
7 0.1732445520581114 0.4010828625235405 0.06952784503631969 0.060715630885122426
7 0.2576997578692494 0.3389830508474576 0.06940677966101685 0.06528248587570626
7 0.6998305084745762 0.3694726930320151 0.0499031476997579 0.05093220338983054
7 0.7675544794188862 0.3228436911487759 0.06317191283292986 0.070668549905838
7 0.7139467312348668 0.31837099811676084 0.07171912832929783 0.0727871939736346
7 0.6280508474576271 0.31747645951035786 0.07980629539951582 0.06382297551789075
7 0.5574334140435835 0.31770244821092275 0.08039951573849875 0.07682674199623356
7 0.4920096852300242 0.31837099811676084 0.07061743341404364 0.06203389830508474
7 0.4136198547215496 0.31747645951035786 0.05910411622276021 0.07458568738229758
7 0.41418886198547217 0.37284369114877586 0.06717917675544795 0.06877589453860637
7 0.5009443099273607 0.36230696798493406 0.06427360774818405 0.0602542372881356
0 0.6266222760290556 0.1757909604519774 0.06487893462469752 0.08326741996233522
0 0.5663680387409201 0.1762617702448211 0.06714285714285718 0.087984934086629
0 0.4845157384987893 0.16930320150659134 0.09021791767554477 0.07767419962335217
1 0.5637772397094432 0.427758945386064 0.06541162227602902 0.058483992467043326
1 0.6787893462469734 0.3986064030131827 0.060847457627118635 0.0554048964218456
1 0.5928934624697336 0.3779943502824859 0.050992736077481844 0.05577212806026367
1 0.46405569007263925 0.4134180790960452 0.059673123486682765 0.0710263653483992
1 0.5410169491525424 0.3049152542372881 0.05274818401937052 0.061713747645951
1 0.588861985472155 0.24730696798493407 0.046997578692494005 0.04603578154425611
5 0.961864406779661 0.9241996233521658 0.07627118644067797 0.07062146892655367